% A priori catalogue of source positions used for the analysis: ../CRF/supersource.mat 
% Estimates dRA, dDe from LEVEL2 data: vie2024a_k_1 


% source         RA [h min sec]              De [° min arcsec ]    

0002+541         0   5   4.36332506          54  28  24.9243622     
0002-478         0   4  35.65549363         -47  36  19.6041787     
0003+380         0   5  57.17538040          38  20  15.1489892     
0003-066         0   6  13.89289239          -6  23  35.3358348     
0006+061         0   9   3.93184367           6  28  21.2400171     
0006+397         0   9   4.17357868          40   1  46.7055120     
0007+106         0  10  31.00590055          10  58  29.5043056     
0007+171         0  10  33.99068604          17  24  18.7611977     
0008-222         0  10  53.64999126         -21  57   4.2200320     
0008-264         0  11   1.24674154         -26  12  33.3771274     
0009+081         0  11  35.26960142           8  23  55.5861045     
0009-148         0  11  40.45584695         -14  34   4.6349431     
0010+405         0  13  31.13017759          40  51  37.1442175     
0010-401         0  12  59.90982115         -39  54  26.0558906     
0012+610         0  14  48.79208604          61  17  43.5424581     
0013-005         0  16  11.08855065          -0  15  12.4453525     
0013-184         0  15  34.32453298         -18   7  25.5859783     
0014+813         0  17   8.47486713          81  35   8.1362009     
0015+529         0  17  51.75986171          53  12  19.1211690     
0015-054         0  17  35.81719305          -5  12  41.7680895     
0016+731         0  19  45.78634018          73  27  30.0175487     
0017+200         0  19  37.85448823          20  21  45.6446002     
0017+257         0  19  39.78058054          26   2  52.2771652     
0019+058         0  22  32.44121025           6   8   4.2688646     
0021-686         0  24   6.72303064         -68  20  54.5876247     
0022+390         0  25  26.15764818          39  19  35.4394383     
0024+597         0  27   3.28621084          59  58  52.9594905     
0025+197         0  28  29.81847216          20   0  26.7439604     
0026+346         0  29  14.24225374          34  56  32.2454968     
0035+413         0  38  24.84357926          41  37   6.0002379     
0035-252         0  38  14.73550747         -24  59   2.2353896     
0038-020         0  40  57.61157262          -1  46  32.0258826     
0038-326         0  40  30.65492607         -32  25  20.3286000     
0039+230         0  42   4.54515130          23  20   1.0615675     
0039+568         0  42  19.45166884          57   8  36.5859678     
0041+677         0  44  50.75959532          68   3   2.6860179     
0044+030         0  47   5.91873155           3  19  54.7856411     
0044+566         0  47   0.42883308          56  57  42.3944408     
0046+316         0  48  47.14147913          31  57  25.0847848     
0047+023         0  49  43.23593732           2  37   3.7785952     
0047-579         0  49  59.47305466         -57  38  27.3402029     
0048-097         0  50  41.31737672          -9  29   5.2104113     
0048-427         0  51   9.50183969         -42  26  33.2940983     
0054+161         0  56  55.29432291          16  25  13.3409317     
0055+060         0  58  33.80456805           6  20   6.0734647     
0055+300         0  57  48.88333724          30  21   8.8117572     
0055-059         0  58   5.06631318          -5  39  52.2780807     
0056+579         0  59  52.20897989          58  12  23.6830779     
0056-001         0  59   5.51492982           0   6  51.6207058     
0056-572         0  58  46.58120509         -56  59  11.4704408     
0057+678         1   0  51.66381250          68   8  20.5318183     
0059+581         1   2  45.76236750          58  24  11.1365369     
0100-760         1   2  18.66014398         -75  46  51.7306478     
0104-035         1   6  43.22870164          -3  15  36.2948952     
0104-408         1   6  45.10798948         -40  34  19.9607919     
0106+013         1   8  38.77110695           1  35   0.3171239     
0106+315         1   9  27.88717286          31  49  56.0492074     
0106+612         1   9  46.34435449          61  33  30.4555669     
0106+678         1  10  12.87345243          68   5  41.2166874     
0107-610         1   9  15.47521277         -60  49  48.4609698     
0108-079         1  10  50.02098515          -7  41  41.1140053     
0109+200         1  12  10.19081762          20  20  21.7639872     
0109+224         1  12   5.82470856          22  44  38.7863236     
0109+351         1  12  12.94438696          35  22  19.3363052     
0109-135         1  11  56.85793564         -13  17   1.1967090     
0110+318         1  12  50.33304239          32   8  17.4324701     
0110+495         1  13  27.00679128          49  48  24.0432624     
0111+021         1  13  43.14494678           2  22  17.3161764     
0112-017         1  15  17.09990870          -1  27   4.5772297     
0113-118         1  16  12.52202105         -11  36  15.4346656     
0114+140         1  17  25.20311171          14  18  12.4203702     
0115-214         1  17  48.78013144         -21  11   6.6333423     
0116-219         1  18  57.26217751         -21  41  30.1402932     
0118+111         1  21  28.99920104          11  27   0.5031973     
0119+041         1  21  56.86168383           4  22  24.7342384     
0119+115         1  21  41.59505275          11  49  50.4137179     
0119+247         1  22  38.81598809          25   2  31.7927174     
0119+296         1  22  45.43001776          29  54  12.6431835     
0119-005         1  22  13.91047830          -0  18   1.0504555     
0120+259         1  23  43.04517887          26  15  22.4267137     
0122-003         1  25  28.84384406          -0   5  55.9316736     
0123+257         1  26  42.79262552          25  59   1.3000686     
0125+628         1  28  30.56507911          63   6  29.8818288     
0127+084         1  30  27.63442985           8  42  46.1717240     
0129+220         1  32   3.07879226          22  16  50.3349869     
0130+691         1  34  40.76126295          69  25  10.8995862     
0130-171         1  32  43.48745566         -16  54  48.5220607     
0133+476         1  36  58.59480115          47  51  29.1000197     
0134+311         1  37   8.73363305          31  22  35.8554573     
0137-158         1  40   4.43519084         -15  32  55.6801823     
0138-097         1  41  25.83216417          -9  28  43.6743352     
0139-097         1  41  37.93974726          -9  30   1.7863889     
0146+056         1  49  22.37094072           5  55  53.5680802     
0148+274         1  51  27.14617207          27  44  41.7933740     
0148-177         1  51   6.08334923         -17  32  44.7183651     
0149+218         1  52  18.05903227          22   7   7.6996860     
0149+335         1  52  34.57643080          33  50  33.1582839     
0149+710         1  53  25.85103869          71  15   6.4634326     
0151+474         1  54  56.28987093          47  43  26.5396573     
0159+723         2   3  33.38493797          72  32  53.6672545     
0159-668         2   1   7.74401404         -66  38  12.6665739     
0201+113         2   3  46.65704928          11  34  45.4094162     
0201+438         2   4  54.78916628          44   3   6.9052506     
0202+149         2   4  50.41389701          15  14  11.0431839     
0202+319         2   5   4.92535971          32  12  30.0955257     
0202-172         2   4  57.67433481         -17   1  19.8409730     
0203+625         2   7   3.01677156          62  46  12.0677074     
0203-120         2   6  26.08473390         -11  50  39.7248458     
0206+136         2   9  35.99831643          13  52   0.7517710     
0208+106         2  11  13.17740000          10  51  34.7985260     
0208-512         2  10  46.20046072         -51   1   1.8925297     
0210+181         2  13  10.52933421          18  20  25.4473947     
0212+735         2  17  30.81338025          73  49  32.6215802     
0212-620         2  14  16.20442137         -61  49  33.6590444     
0213-026         2  15  42.01728761          -2  22  56.7527444     
0214+083         2  17  17.12498552           8  37   3.8987261     
0215+015         2  17  48.95474411           1  44  49.6988673     
0217-189         2  19  21.16176285         -18  42  38.7472223     
0219+428         2  22  39.61148689          43   2   7.7988758     
0219+628         2  23  29.60702391          63   7  17.3052551     
0220-349         2  22  56.40163597         -34  41  28.7303711     
0221+067         2  24  28.42818901           6  59  23.3414923     
0221-540         2  23  30.87482712         -53  47  39.9011811     
0222+185         2  25   4.66884857          18  46  48.7668940     
0222-262         2  25  10.88958120         -26   3  18.7979523     
0223+341         2  26  10.33307716          34  21  30.2881616     
0224+671         2  28  50.05146533          67  21   3.0293582     
0227+403         2  30  45.71078345          40  32  53.0686701     
0227-369         2  29  28.44907453         -36  43  56.8227942     
0229+131         2  31  45.89403317          13  22  54.7160974     
0229-398         2  31  51.81631333         -39  35  47.2631399     
0229-479         2  31  11.80406504         -47  46  11.5828584     
0230-790         2  29  34.94685543         -78  47  45.6022156     
0234+285         2  37  52.40566575          28  48   8.9898797     
0234-301         2  36  31.16942003         -29  53  55.5408709     
0235+164         2  38  38.93009721          16  36  59.2745341     
0235-618         2  36  53.24576483         -61  36  15.1836700     
0237+040         2  39  51.26304155           4  16  21.4116382     
0237-027         2  39  45.47227279          -2  34  40.9146388     
0238-084         2  41   4.79845284          -8  15  20.7522742     
0239+108         2  42  29.17084341          11   1   0.7277603     
0239+175         2  42  24.26825937          17  42  58.8491818     
0240-060         2  43  12.46947042          -5  50  55.2955514     
0241+622         2  44  57.69672971          62  28   6.5154410     
0242+131         2  44  45.69332764          13  20   7.2213260     
0243+339         2  46  31.18262310          34  11  26.6496788     
0244+327         2  47  41.23218977          32  54  31.8363683     
0244-470         2  46   0.11799520         -46  51  17.2326802     
0245-167         2  48   7.73223116         -16  31  46.3859687     
0248+430         2  51  34.53669986          43  15  15.8296085     
0248+560         2  51  54.62810963          56  16  19.5234314     
0248-266         2  50  35.56919697         -26  27  42.5154130     
0249+171         2  52   7.71869292          17  18  42.6885497     
0249+383         2  53   8.88807112          38  35  24.9992708     
0250+178         2  53  34.88222867          18   5  42.5243390     
0250+320         2  53  33.65014003          32  17  20.8920653     
0251+393         2  54  42.63205647          39  31  34.7110469     
0252-549         2  53  29.18042332         -54  41  51.4361984     
0254+185         2  57  45.62844891          18  47   5.3602065     
0256+192         2  59  29.65592654          19  25  44.3276013     
0256-005         2  59  28.51615729          -0  19  59.9755618     
0258+058         3   1  33.71391003           6   2  27.2821726     
0258+533         3   2  22.73543754          53  31  46.4847706     
0259+681         3   4  22.00385285          68  21  37.4744599     
0300+470         3   3  35.24221195          47  16  16.2753837     
0301+336         3   4  41.36243831          33  48  43.5308497     
0301-721         3   1  38.44584795         -71  56  34.3996889     
0302+625         3   6  42.65954229          62  43   2.0239588     
0302-623         3   3  50.63142255         -62  11  25.5500668     
0303+051         3   5  48.19161911           5  23  31.5262226     
0305+039         3   8  26.22379463           4   6  39.3006408     
0306+102         3   9   3.62348901          10  29  16.3408413     
0307+380         3  10  49.87991189          38  14  53.8378413     
0308-611         3   9  56.09919135         -60  58  39.0561560     
0309+411         3  13   1.96211302          41  20   1.1834260     
0312+100         3  15  21.13981460          10  12  43.0837132     
0316+162         3  18  57.80320702          16  28  32.6657308     
0316+413         3  19  48.16015659          41  30  42.1071010     
0316-444         3  17  57.67935902         -44  14  17.1606657     
0319+121         3  21  53.10348316          12  21  13.9542722     
0319-056         3  21  59.87036520          -5  26  12.4290171     
0320+015         3  23   9.87231435           1  45  50.5071148     
0321+340         3  24  41.16131131          34  10  45.8571905     
0322+222         3  25  36.81434872          22  24   0.3655380     
0322-294         3  24  44.29538767         -29  18  21.2175559     
0325+005         3  27  59.21551396           0  44  22.7268787     
0325+395         3  28  50.31207978          39  40  44.5665274     
0326+277         3  29  57.66939708          27  56  15.4992624     
0326+349         3  29  15.35490348          35  10   5.9915497     
0327-241         3  29  54.07554340         -23  57   8.7734048     
0332+078         3  34  53.31668464           8   0  14.4189368     
0332-403         3  34  13.65450116         -40   8  25.3982836     
0333+321         3  36  30.10759075          32  18  29.3422377     
0334-131         3  36  35.03580580         -13   2   4.6599162     
0334-546         3  35  53.92493541         -54  30  25.1132312     
0336+473         3  40  10.78884325          47  32  27.3149748     
0336-019         3  39  30.93778207          -1  46  35.8041641     
0338-214         3  40  35.60786359         -21  19  31.1724905     
0339+683         3  44  41.44119400          68  27  47.8100500     
0340+362         3  43  28.95239821          36  22  12.4296972     
0342+147         3  45   6.41651957          14  53  49.5581367     
0342+538         3  46  34.50412214          54   0  59.1093375     
0343+485         3  47  11.61333472          48  42  37.4730256     
0344+558         3  47  56.81204586          55  57  31.5785214     
0345+416         3  48  45.12233486          41  49  14.6751351     
0345+460         3  49  18.74158008          46   9  59.6577938     
0346+800         3  54  46.12599929          80   9  28.8474754     
0346-279         3  48  38.14456672         -27  49  13.5658742     
0347-211         3  49  57.82667347         -21   2  47.7419641     
0348-120         3  51  10.97693549         -11  53  22.6651445     
0350+465         3  54  30.01164459          46  43  18.7498905     
0351+390         3  55  16.59049921          39   9   9.8053700     
0352+605         3  56  25.19876880          60  43  57.9793893     
0353+289         3  56   8.46193958          29   3  42.3203544     
0354+231         3  57  21.60988237          23  19  53.8252907     
0354+559         3  58  30.18815624          56   6  44.4605563     
0355+508         3  59  29.74727867          50  57  50.1616846     
0355-079         3  57  43.29324599          -7  51  14.5677512     
0355-669         3  55  47.88342413         -66  45  33.8170947     
0356+322         3  59  44.91291081          32  20  47.1557960     
0358+040         4   1  19.91297026           4  13  34.4071235     
0358+210         4   1  45.16607312          21  10  28.5868876     
0358-162         4   1   6.63675116         -16   6  39.0107322     
0400+258         4   3   5.58605527          26   0   1.5027500     
0400-319         4   2  21.26600710         -31  47  25.9457817     
0401-248         4   3  41.73605387         -24  44   8.4585699     
0402-362         4   3  53.74990759         -36   5   1.9135013     
0403+064         4   6  34.30750390           6  37  14.9885587     
0403-132         4   5  34.00339195         -13   8  13.6909985     
0404+075         4   7  29.08668199           7  42   7.4713889     
0405-123         4   7  48.43097560         -12  11  36.6600205     
0405-331         4   7  33.91374010         -33   3  46.3580965     
0405-385         4   6  59.03536271         -38  26  28.0421440     
0406+121         4   9  22.00869595          12  17  39.8478492     
0406-127         4   9   5.76972072         -12  38  48.1439978     
0409+229         4  12  43.66686521          23   5   5.4524941     
0411+341         4  14  37.25570051          34  18  51.2081047     
0412+447         4  15  56.52650159          44  52  49.6834365     
0414-189         4  16  36.54445014         -18  51   8.3403518     
0415+398         4  19  22.54951072          39  55  28.9775315     
0415+572         4  19  19.41294042          57  22  59.9840780     
0418+532         4  22  44.39889019          53  24  26.2627118     
0418-151         4  20  18.39336668         -15   1  26.5769209     
0420+022         4  22  52.21464699           2  19  26.9306659     
0420+417         4  23  56.00979251          41  50   2.7129311     
0420-014         4  23  15.80072063          -1  20  33.0657539     
0421+464         4  24  39.16529872          46  36  32.2806060     
0421+683         4  26  50.07015889          68  25  52.9292775     
0422+004         4  24  46.84205560           0  36   6.3292720     
0422-380         4  24  42.24370528         -37  56  20.7845657     
0424+328         4  28   5.80874084          32  59  52.0439320     
0424+414         4  27  46.04557651          41  33   1.0994429     
0425+048         4  27  47.57053846           4  57   8.3253292     
0426+273         4  29  52.96076572          27  24  37.8763216     
0426-380         4  28  40.42427973         -37  56  19.5805923     
0427-502         4  28  42.63216643         -50   5  34.2956471     
0429+174         4  31  57.37922603          17  31  35.7753132     
0429+415         4  32  36.50307056          41  38  28.4548607     
0429+448         4  32  40.38132458          45   0  13.7612011     
0430+052         4  33  11.09556764           5  21  15.6194760     
0430+289         4  33  37.82985368          29   5  55.4770480     
0430-163         4  32  29.08226637         -16  14   5.6686863     
0430-332         4  32  44.56422066         -33   9  11.9307744     
0432-606         4  33  34.10847795         -60  30  13.7689805     
0434+299         4  38   4.94828728          30   4  45.5181239     
0434-188         4  37   1.48273151         -18  44  48.6135598     
0436+052         4  39   2.26222022           5  20  43.6735870     
0436-129         4  38  35.02100691         -12  51   3.3593669     
0437+273         4  40  27.73939270          27  28  40.6792327     
0437-454         4  39   0.85468861         -45  22  22.5634112     
0437-719         4  37   4.37843087         -71  48  20.1649697     
0438-436         4  40  17.18001006         -43  33   8.6044014     
0440+345         4  43  31.63519680          34  41   6.6631360     
0440-003         4  42  38.66076062          -0  17  43.4206896     
0441-699         4  40  47.75743412         -69  52  18.0864682     
0442+389         4  46  11.49401345          39   0  17.0998330     
0444+634         4  49  23.31057971          63  32   9.4341700     
0445+097         4  48  21.73843588           9  50  51.4603184     
0446+112         4  49   7.67109624          11  21  28.5963198     
0446+595         4  51  18.72179016          59  35  32.1835061     
0447+227         4  50  51.94467672          22  49   5.8985429     
0447+408         4  50  43.67959954          40  56  13.9676287     
0450+013         4  53   2.23860767           1  28  35.6286433     
0451-282         4  53  14.64680227         -28   7  37.3272763     
0454+066         4  57   7.70993400           6  45   7.2603225     
0454+550         4  58  54.84010151          55   8  42.0591364     
0454+844         5   8  42.36352173          84  32   4.5443111     
0454-234         4  57   3.17922545         -23  24  52.0204345     
0454-463         4  55  50.77250199         -46  15  58.6806265     
0454-810         4  50   5.44025096         -81   1   2.2315110     
0457+024         4  59  52.05065535           2  29  31.1762874     
0458+138         5   1  45.27081847          13  56   7.2199471     
0458-020         5   1  12.80988093          -1  59  14.2565540     
0459+060         5   2  15.44592104           6   9   7.4937697     
0459+135         5   2  33.21950959          13  38  10.9588779     
0459+252         5   2  58.47476127          25  16  25.2754833     
0459+415         5   2  37.98821773          41  39  19.3474605     
0501+279         5   4  54.30649430          28   2  31.9812840     
0502+049         5   5  23.18471806           4  59  42.7244152     
0503-295         5   5  55.84935387         -29  30  38.4016908     
0506+056         5   9  25.96446441           5  41  35.3335266     
0506+101         5   9  27.45706497          10  11  44.6000438     
0506+398         5   9  48.81741576          39  51  54.6237150     
0506-612         5   6  43.98892280         -61   9  40.9935639     
0507+179         5  10   2.36912023          18   0  41.5815861     
0507-611         5   7  54.67076127         -61   4  43.1145832     
0508+138         5  11  38.31965763          13  57  19.1934730     
0508-317         5  10  46.34088363         -31  42  53.9298928     
0509+011         5  11  57.61258048           1  10  49.4358586     
0509+406         5  12  52.54284139          40  41  43.6202612     
0510+559         5  14  18.69959875          56   2  11.0529351     
0511-220         5  13  49.11432280         -21  59  16.0924254     
0512-205         5  14  17.34750089         -20  29  20.5122425     
0513+455         5  17  28.89944686          45  37   4.8654720     
0514+330         5  18   5.14245967          33   6  13.3645110     
0514-161         5  16  15.92935000         -16   3   7.6338676     
0514-459         5  15  45.25014176         -45  56  43.1983190     
0515+208         5  18   3.82450430          20  54  52.4974207     
0516+087         5  19  10.81113137           8  48  56.7343702     
0516-621         5  16  44.92621046         -62   7   5.3893174     
0518+211         5  21  45.96585677          21  12  51.4516448     
0519+011         5  22  17.46743466           1  13  31.1854185     
0520-165         5  22  44.65495759         -16  27  52.4063526     
0521-365         5  22  57.98466168         -36  27  30.8513200     
0522-611         5  22  34.42552521         -61   7  57.1336357     
0523-236         5  25   6.50591442         -23  38  10.8074850     
0524+034         5  27  32.70543630           3  31  31.5164147     
0524-485         5  26  16.67134498         -48  30  36.7916686     
0526+373         5  30  12.54930029          37  23  32.6190528     
0527-053         5  29  53.53350078          -5  19  41.6173348     
0528+134         5  30  56.41673298          13  31  55.1494007     
0529+075         5  32  38.99848958           7  32  43.3447874     
0529+483         5  33  15.86578033          48  22  52.8077019     
0529-031         5  32   7.51928636          -3   7   7.0375377     
0530-388         5  32   2.06187369         -38  48  54.3425227     
0530-727         5  29  30.04225692         -72  45  28.5073356     
0532-378         5  34  17.48656293         -37  47  25.5947213     
0534-340         5  36  28.43237119         -34   1  11.4684953     
0534-611         5  34  35.77262654         -61   6   7.0697829     
0536+145         5  39  42.36598590          14  33  45.5616046     
0537+392         5  40  44.43852302          39  16  12.2345147     
0537+558         5  41  14.75774620          55  50  43.5704477     
0537-158         5  39  32.01012289         -15  50  30.3212426     
0537-286         5  39  54.28147011         -28  39  55.9479856     
0537-441         5  38  50.36157826         -44   5   8.9389571     
0538+498         5  42  36.13790180          49  51   7.2336727     
0539-057         5  41  38.08337012          -5  41  49.4286817     
0539-543         5  40  45.84808603         -54  18  22.0957789     
0544+123         5  47   6.27629759          12  23  46.2448041     
0544+273         5  47  34.14891474          27  21  56.8425543     
0547+234         5  50  47.39088844          23  26  48.1771023     
0548+084         5  51  11.22934430           8  29  11.2218999     
0548+378         5  52  17.93691161          37  54  25.2823404     
0549+192         5  52  25.88501641          19  13  40.2676062     
0549+201         5  52   7.00135029          20   7  19.7876136     
0549-575         5  50   9.58019927         -57  32  24.3972246     
0550+356         5  54   9.52924924          35  41  31.4011996     
0552+398         5  55  30.80560268          39  48  49.1650073     
0554+242         5  57   4.71358179          24  13  55.2982748     
0556+238         5  59  32.03312515          23  53  53.9264887     
0558+234         6   1  47.35702181          23  24  53.4847836     
0559-200         6   1  52.82632678         -20   4  45.2122469     
0600+177         6   3   9.13026046          17  42  16.8103097     
0601+245         6   4  55.12140436          24  29  55.0364921     
0601-706         6   1  11.24780234         -70  36   8.7921842     
0602+109         6   4  49.36961011          10  55  40.3744059     
0602+673         6   7  52.67161826          67  20  55.4099178     
0602-424         6   4  25.17467575         -42  25  30.0935917     
0603+882         6  42   6.13572144          88  11  55.0156157     
0604-074         6   6  43.54632945          -7  24  30.2309448     
0605-085         6   7  59.69923104          -8  34  49.9785033     
0606-223         6   8  59.68684239         -22  20  20.9568191     
0607-157         6   9  40.94954664         -15  42  40.6728054     
0607-549         6   8  49.05964396         -54  56  42.8839257     
0607-605         6   7  55.08680500         -60  31  51.9893267     
0609+607         6  14  23.86617087          60  46  21.7560068     
0610+260         6  13  50.13915398          26   4  36.7197844     
0611+131         6  13  57.69274465          13   6  45.4005909     
0613+570         6  17  16.92255780          57   1  16.4230247     
0615+820         6  26   3.00626730          82   2  25.5678176     
0615-172         6  17  33.41852078         -17  15  25.0853450     
0616-116         6  19   4.10257874         -11  40  54.8907904     
0618-252         6  20  32.11696796         -25  15  17.4862114     
0620+227         6  23  17.81354051          22  41  35.7749528     
0621+446         6  25  18.26537115          44  40   1.6261636     
0622-645         6  23   7.69633675         -64  36  20.7215023     
0624-546         6  25  52.23079476         -54  38  50.7051708     
0627-199         6  29  23.76186269         -19  59  19.7238777     
0628+203         6  31   1.06255940          20  20  59.2107580     
0628-133         6  30  53.90307570         -13  23  34.4932218     
0629-418         6  31  11.99806803         -41  54  26.9473150     
0632-235         6  34  59.00099641         -23  35  11.9574438     
0633+595         6  38   2.87191695          59  33  22.2138083     
0634-057         6  36  48.32950466          -5  47   7.5462521     
0636+022         6  39  10.94620828           2  11  30.6848301     
0636+680         6  42   4.25741399          67  58  35.6206056     
0639+352         6  42  58.13961008          35   9  18.3786350     
0639-032         6  41  51.13293724          -3  20  48.5824606     
0640+090         6  43  26.44502579           8  57  38.0119458     
0641+392         6  44  53.70957789          39  14  47.5337646     
0642+214         6  45  24.09958110          21  21  51.1998759     
0642+449         6  46  32.02598090          44  51  16.5899772     
0642-349         6  44  25.28106374         -34  59  41.9487815     
0644-671         6  44  28.04414984         -67  12  57.3584906     
0646-306         6  48  14.09646720         -30  44  19.6600196     
0648-165         6  50  24.58185244         -16  37  39.7257300     
0650+371         6  53  58.28279527          37   5  40.6063453     
0654+244         6  57   5.67550766          24  23  55.3938353     
0656+082         6  59  17.99602208           8  13  30.9535877     
0657+172         7   0   1.52553744          17   9  21.7011967     
0700-101         7   2  35.75683742         -10  15   6.4174367     
0700-197         7   2  42.90066292         -19  51  22.0357046     
0700-286         7   2  40.40263655         -28  41  50.0466778     
0700-465         7   1  34.54675559         -46  34  36.6256350     
0707+476         7  10  46.10487171          47  32  11.1424874     
0707-028         7   9  45.05460051          -2  55  17.4967582     
0708+506         7  12  43.68358866          50  33  22.7071184     
0708+742         7  14  36.12502063          74   8  10.1443225     
0710+196         7  13  55.67916456          19  35   0.4087900     
0714+457         7  17  51.85241439          45  38   3.2607212     
0716+332         7  19  19.41967046          33   7   9.7082744     
0716+477         7  20  21.49776154          47  37  44.1248051     
0716+714         7  21  53.44846798          71  20  36.3633670     
0718+042         7  21  23.90998630           4   6  44.2126824     
0718+792         7  26  11.73521561          79  11  31.0160964     
0721-071         7  24  17.29263721          -7  15  20.3518917     
0722+145         7  25  16.80776281          14  25  13.7464921     
0723+219         7  26  14.26073088          21  53  20.1140455     
0723-008         7  25  50.63995009          -0  54  56.5439526     
0723-265         7  25  24.41314498         -26  40  32.6794725     
0725+219         7  28  20.60828872          21  53   6.3901561     
0727-025         7  30  25.87761178          -2  41  24.9047055     
0727-115         7  30  19.11247350         -11  41  12.6006957     
0728+249         7  31  33.74545609          24  51  58.5983905     
0728-235         7  31   6.66801172         -23  41  47.8708254     
0729+019         7  32  22.78869120           1  50  35.3839133     
0729+259         7  32  56.27526943          25  48  38.7954622     
0729-222         7  31  31.50854324         -22  24  20.8668226     
0730+504         7  33  52.52057252          50  22   9.0620702     
0731+050         7  33  57.45989591           4  56  14.4964061     
0735+178         7  38   7.39374675          17  42  18.9980868     
0736+017         7  39  18.03389922           1  37   4.6176376     
0738+272         7  41  25.73284050          27   6  45.3920070     
0738+313         7  41  10.70329594          31  12   0.2308243     
0738+491         7  42   2.74893698          49   0  15.6088800     
0738-674         7  38  56.49619471         -67  35  50.8270414     
0740+828         7  50  57.75548370          82  41  58.0319302     
0741+214         7  44  47.27672560          21  20   0.4242292     
0741-045         7  43  52.40661914          -4  40  20.5313388     
0742+103         7  45  33.05952456          10  11  12.6921901     
0742+263         7  45   5.92250670          26  14   9.7708344     
0742+792         7  50  43.26512548          79   9  17.0023316     
0742-562         7  43  20.48514134         -56  19  32.9587690     
0743+259         7  46  25.87417389          25  49   2.1346097     
0743+277         7  46  40.43230459          27  34  59.0469910     
0743-006         7  45  54.08227558          -0  44  17.5406734     
0743-247         7  45  10.26344726         -24  51  43.7661251     
0743-673         7  43  31.61188860         -67  26  25.5468457     
0744-158         7  46  18.23602496         -15  55  34.7462428     
0745+241         7  48  36.10928136          24   0  24.1098067     
0746+483         7  50  20.43633134          48  14  53.5565353     
0747+185         7  50   0.32994031          18  23  11.4070348     
0748+126         7  50  52.04572638          12  31   4.8280292     
0749+376         7  52  40.90788619          37  30  24.3118348     
0749+540         7  53   1.38456355          53  52  59.6369497     
0751+485         7  54  45.67052212          48  23  50.7479965     
0752+258         7  55  37.03268075          25  42  39.0228859     
0752-116         7  54  26.45641920         -11  47  16.9485538     
0754+100         7  57   6.64294870           9  56  34.8521712     
0754-155         7  56  50.69895506         -15  42   5.4369391     
0759+183         8   2  48.03196560          18   9  49.2493793     
0800+618         8   5  18.17954286          61  44  23.7005238     
0802-010         8   5  12.88847853          -1  11  13.7955783     
0802-276         8   4  51.45121533         -27  49  11.3211381     
0804+499         8   8  39.66628472          49  50  36.5301710     
0804-055         8   7   9.61757897          -5  41  13.9157831     
0804-267         8   6  12.72262145         -26  52  33.3084811     
0805+410         8   8  56.65205010          40  52  44.8888707     
0805-077         8   8  15.53603220          -7  51   9.8866226     
0806+573         8  11   0.60927182          57  14  12.4946820     
0808+019         8  11  26.70731338           1  46  52.2200153     
0809-493         8  11   8.80315781         -49  29  43.5125922     
0812+020         8  15  22.96082725           1  54  59.4807813     
0812+367         8  15  25.94484812          36  35  15.1487008     
0814+240         8  17  10.54769591          23  52  23.9532679     
0814+425         8  18  15.99960740          42  22  45.4148072     
0814-241         8  16  40.41236075         -24  21   6.5707560     
0818-128         8  20  57.44760842         -12  58  59.1691819     
0819+408         8  22  57.55594001          40  41  49.7666972     
0820+225         8  23  24.75915651          22  23   3.2881595     
0820+560         8  24  47.23634554          55  52  42.6692081     
0821+248         8  24  33.00930073          24  38  43.1158134     
0821+394         8  24  55.48384334          39  16  41.9039884     
0821+621         8  25  38.61224272          61  57  28.5792805     
0822+137         8  25  11.89094407          13  32  32.5388842     
0823+033         8  25  50.33835623           3   9  24.5199438     
0824+131         8  26  54.47544284          12  57   2.0951270     
0824+355         8  27  38.58818823          35  25   5.0772517     
0826-373         8  28   4.78023037         -37  31   6.2817652     
0827+243         8  30  52.08618409          24  10  59.8202197     
0828+493         8  32  23.21669541          49  13  21.0380458     
0829+046         8  31  48.87696582           4  29  39.0855935     
0829+089         8  31  55.09149886           8  47  43.6515470     
0830+425         8  33  53.88537460          42  24   1.8503630     
0830+605         8  34  17.54605396          60  19  47.0666659     
0831+557         8  34  54.90259648          55  34  21.0838017     
0833+276         8  36  22.88866929          27  28  52.5334100     
0833+585         8  37  22.40965035          58  25   1.8449064     
0834+250         8  37  40.24568154          24  54  23.1213920     
0834-201         8  36  39.21524767         -20  16  59.5043730     
0835-339         8  37   0.31668203         -34   9  14.8594991     
0836+710         8  41  24.36524619          70  53  42.1727931     
0837+012         8  39  49.61101019           1   4  26.7365480     
0838+133         8  40  47.58842631          13  12  23.5636830     
0838+456         8  42  15.35171941          45  25  44.1809296     
0839+187         8  42   5.09415922          18  35  40.9896015     
0839+687         8  43  49.10152090          68  33  17.1549398     
0841-607         8  42  26.56109448         -60  53  50.4017215     
0842+048         8  45  17.14369940           4  39  47.3553196     
0843-547         8  45   2.48271265         -54  58   8.5403311     
0844-557         8  45  49.67981184         -55  55  26.7421221     
0845-051         8  47  58.72492145          -5  20  33.9002377     
0847-120         8  50   9.63563672         -12  13  35.3762573     
0847-354         8  49  45.62348811         -35  41   1.2787067     
0850+284         8  53  17.82843347          28  13  49.9973891     
0850+581         8  54  41.99634654          57  57  29.9396526     
0851+202         8  54  48.87492142          20   6  30.6407812     
0851-577         8  52  38.72590248         -57  55  29.8091051     
0854+213         8  56  57.24478687          21  11  43.6582682     
0854-108         8  56  41.80415935         -11   5  14.4304247     
0858-279         9   0  40.03878132         -28   8  20.3460354     
0859+470         9   3   3.99008486          46  51   4.1373955     
0859+681         9   3  53.15504736          67  57  22.6855599     
0859-140         9   2  16.83092362         -14  15  30.8759047     
0901+697         9   6  30.74872643          69  30  30.8285175     
0904-201         9   6  51.30537224         -20  19  54.8053992     
0905-202         9   7  54.04044787         -20  26  49.4753076     
0906+015         9   9  10.09160400           1  21  35.6175684     
0906+163         9   8  55.92534386          16   9  54.7637778     
0909+222         9  12  24.78463479          22   5   6.2477102     
0912+029         9  14  37.91343527           2  45  59.2460859     
0912+297         9  15  52.40163879          29  33  24.0430366     
0916+336         9  19   8.78713555          33  24  41.9431176     
0916+864         9  29  43.05791406          86  12  21.2790819     
0917+449         9  20  58.45848786          44  41  53.9847621     
0917+624         9  21  36.23109472          62  15  52.1801621     
0918-534         9  19  44.03953778         -53  40   6.4472725     
0919-260         9  21  29.35386554         -26  18  43.3865659     
0920+284         9  23  51.52338915          28  15  25.0218131     
0920+390         9  23  14.45293051          38  49  39.9099612     
0920-397         9  22  46.41828620         -39  59  35.0681161     
0921-213         9  23  38.88515265         -21  35  47.1289383     
0922+364         9  25  51.85136951          36  12  35.6747523     
0923+392         9  27   3.01397143          39   2  20.8515071     
0925+504         9  29  15.44017309          50  13  35.9896632     
0925+745         9  30  53.78216232          74  20   5.9136137     
0925-203         9  27  51.82433257         -20  34  51.2328815     
0926-039         9  28  33.46937020          -4   9   8.8475378     
0928+144         9  31   5.34242050          14  14  16.5184853     
0930-080         9  33  17.09539571          -8  19  10.8508500     
0933+503         9  37  12.32733741          50   8  52.0975846     
0936-069         9  38  56.10426238          -7   8   0.6186763     
0937+262         9  40  14.72278150          26   3  29.9459002     
0938-133         9  41   2.54947292         -13  35  50.9851259     
0940+172         9  43  17.22394515          17   2  18.9627413     
0941+522         9  44  52.15525539          52   2  34.2169542     
0943+105         9  46  35.06995496          10  17   6.1343779     
0945+408         9  48  55.33813516          40  39  44.5870011     
0949+354         9  52  32.02617196          35  12  52.4028926     
0950+326         9  53  27.95658476          32  25  51.5206315     
0951+268         9  54  39.79653294          26  39  24.5431725     
0951+693         9  55  33.17305418          69   3  55.0603982     
0952+179         9  54  56.82361666          17  43  31.2224164     
0953+254         9  56  49.87538450          25  15  16.0500258     
0954+658         9  58  47.24510608          65  33  54.8178989     
0954-135         9  57  18.18306501         -13  50   1.1762381     
0955+326         9  58  20.94963206          32  24   2.2094299     
0955+476         9  58  19.67164827          47  25   7.8422760     
0958+346        10   1  11.94918506          34  24  50.4592184     
0958-314        10   0  40.83657669         -31  39  52.3710720     
1000+125        10   2  52.84524298          12  16  14.5845295     
1004+141        10   7  41.49808697          13  56  29.6007002     
1004-217        10   6  46.41368140         -21  59  20.4101921     
1004-500        10   6  14.00932154         -50  18  13.4710591     
1005+066        10   8   0.81615481           6  21  21.2157136     
1005-333        10   7  31.38743873         -33  33   6.7163262     
1009+234        10  12  16.38974494          23  12  14.6094068     
1011+250        10  13  53.42875634          24  49  16.4405605     
1012+232        10  14  47.06545947          23   1  16.5706890     
1013+054        10  16   3.13647335           5  13   2.3413085     
1013+127        10  15  44.02338698          12  27   7.0701639     
1015+057        10  18  27.84828861           5  30  29.9618595     
1015+359        10  18  10.98810290          35  42  39.4409028     
1016-311        10  18  28.75351207         -31  23  53.8500051     
1019+416        10  22   2.02351728          41  26   5.3724086     
1020+292        10  23  24.04614186          28  56  50.9881577     
1020+400        10  23  11.56567290          39  48  15.3851700     
1022+194        10  24  44.80960069          19  12  20.4155932     
1022+237        10  24  53.63728377          23  32  33.9636187     
1022-665        10  23  43.53323949         -66  46  48.7170628     
1023+131        10  25  56.28537124          12  53  49.0218764     
1026-084        10  28  38.79646076          -8  44  38.5358611     
1027-186        10  29  33.09769778         -18  52  50.2891563     
1028+605        10  31  44.75631891          60  20  30.3657999     
1030+074        10  33  34.02428549           7  11  26.1474523     
1030+415        10  33   3.70787732          41  16   6.2327815     
1032-199        10  35   2.15532796         -20  11  34.3595427     
1034-293        10  37  16.07974599         -29  34   2.8135090     
1034-374        10  36  53.43961366         -37  44  15.0656867     
1036+054        10  38  46.77986170           5  12  29.0865323     
1036-529        10  38  40.65716412         -53  11  43.2707099     
1038+064        10  41  17.16249671           6  10  16.9239137     
1038+528        10  41  46.78164724          52  33  28.2322374     
1039+811        10  44  23.06258601          80  54  39.4429966     
1040+123        10  42  44.60524519          12   3  31.2636496     
1040+244        10  43   9.03577845          24   8  35.4093733     
1042+071        10  44  55.91124558           6  55  38.2624595     
1044+719        10  48  27.61989600          71  43  35.9384430     
1045-188        10  48   6.62062019         -19   9  35.7269742     
1046-409        10  48  38.27113789         -41  14   0.1158985     
1048-313        10  51   4.77752628         -31  38  14.3074596     
1049+215        10  51  48.78907472          21  19  52.3136809     
1049-534        10  51   9.09987056         -53  44  46.5432123     
1052+023        10  55  17.27241660           2   5  44.9023175     
1053+704        10  56  53.61749738          70  11  45.9156116     
1053+815        10  58  11.53537700          81  14  32.6751053     
1055+018        10  58  29.60520422           1  33  58.8237617     
1055+201        10  58  17.90080879          19  51  50.8700992     
1055+433        10  58   2.92079127          43   4  41.5052009     
1056+212        10  59  39.04268572          20  57  21.9559686     
1056-113        10  59  12.42639680         -11  34  22.7801468     
1057-797        10  58  43.30983890         -80   3  54.1598208     
1059+282        11   2  14.28846810          27  57   8.6893114     
1059-631        11   1  54.37849314         -63  25  22.6000811     
1100+305        11   3  13.30187979          30  14  42.7025171     
1101+384        11   4  27.31393946          38  12  31.7989225     
1101-536        11   3  52.22171644         -53  57   0.6955234     
1102-242        11   4  46.17644759         -24  31  25.7996169     
1103+023        11   5  38.99280032           2   2  57.4735279     
1104+728        11   7  41.72254131          72  32  36.0049692     
1104-445        11   7   8.69409920         -44  49   7.6190987     
1109+076        11  12   9.55852954           7  24  49.1175204     
1111+149        11  13  58.69508442          14  42  26.9526438     
1112-080        11  14  32.55065806          -8  16  39.0036537     
1113+087        11  16   9.97337710           8  29  22.0320432     
1115-122        11  18  17.14138127         -12  32  54.2620060     
1116+128        11  18  57.30143308          12  34  41.7179457     
1116-462        11  18  26.95762232         -46  34  15.0021656     
1117-270        11  20  16.19171783         -27  19   6.3660341     
1118-140        11  20  55.56367558         -14  20  29.9247303     
1119-069        11  21  42.12293923          -7  11   6.3419018     
1121+238        11  24   2.70587242          23  36  45.8702605     
1123+264        11  25  53.71191839          26  10  19.9785691     
1124-186        11  27   4.39245845         -18  57  17.4419364     
1125+062        11  27  36.52553791           5  55  32.0590602     
1125+221        11  27  50.46725353          21  53  34.8063205     
1125+596        11  28  13.34064757          59  25  14.7984637     
1128+090        11  30  35.95153248           8  46  43.1074133     
1128+385        11  30  53.28260782          38  15  18.5467317     
1129-580        11  31  43.28809842         -58  18  53.4433137     
1130+009        11  33  20.05579428           0  40  52.8371337     
1130+106        11  32  59.48879298          10  23  42.2134205     
1133-032        11  36  24.57693168          -3  30  29.4966516     
1133-041        11  35  58.23496850          -4  28  27.8863051     
1133-681        11  36   2.09823654         -68  27   5.8224454     
1135+480        11  38  21.13813451          47  45  15.3967863     
1136-156        11  39  29.57607680         -15  52  51.6536633     
1140+668        11  43  41.60332541          66  33  31.2295903     
1142+052        11  45  21.31515833           4  55  26.6877421     
1142-225        11  45  22.04685371         -22  50  31.3430563     
1143-245        11  46   8.10328723         -24  47  32.8975055     
1143-287        11  46  26.18859483         -28  59  18.5049787     
1143-332        11  46  28.45179640         -33  28  42.6327351     
1143-696        11  45  53.62422670         -69  54   1.7976129     
1144+402        11  46  58.29790459          39  58  34.3043712     
1144-379        11  47   1.37071924         -38  12  11.0237914     
1145+268        11  47  59.76390137          26  35  42.3325362     
1145-071        11  47  51.55403145          -7  24  41.1412256     
1145-676        11  47  33.39960468         -67  53  41.7697139     
1147+245        11  50  19.21217477          24  17  53.8351556     
1147-063        11  50  23.98669715          -6  40  26.5710292     
1148-001        11  50  43.87082814          -0  23  54.2048127     
1148-671        11  51  13.42654993         -67  28  11.0944876     
1149+499        11  52  32.87106745          49  39  38.7677193     
1149-084        11  52  17.20951616          -8  41   3.3138985     
1150+497        11  53  24.46663180          49  31   8.8300837     
1150+812        11  53  12.49923141          80  58  29.1544585     
1155+169        11  57  34.83628233          16  38  59.6498929     
1156+295        11  59  31.83390631          29  14  43.8267036     
1156-094        11  59  12.71165428          -9  40  52.0486948     
1156-214        11  59  21.43254563         -21  42  44.9132540     
1156-215        11  59  10.78536415         -21  50   4.6734094     
1156-221        11  59  11.26726524         -22  28  36.9008270     
1157+014        11  59  44.82785147           1  12   6.9842314     
1157-215        11  59  51.90600493         -21  48  53.7061230     
1158+007        12   1  23.25077594           0  28  28.3157979     
1204+124        12   7  12.62453248          12  11  45.8459908     
1204-613        12   6  51.49658685         -61  38  56.7595127     
1205-008        12   7  41.67761652          -1   6  36.6900572     
1207-319        12   9  40.04464233         -32  14  53.1078418     
1208+186        12  11   6.68827078          18  20  34.2831295     
1212+171        12  15   3.97914102          16  54  37.9567958     
1212-061        12  15  14.39407498          -6  28   3.9316224     
1213-172        12  15  46.75177279         -17  31  45.4031422     
1214+588        12  17  11.01873226          58  35  26.2467018     
1215+303        12  17  52.08196137          30   7   0.6357958     
1215-002        12  17  58.72904312          -0  29  46.2997612     
1216+487        12  19   6.41474463          48  29  56.1646273     
1217+023        12  20  11.88460460           2   3  42.2246392     
1217+662        12  19  35.79422849          66   0  31.8460806     
1218+384        12  20  59.22929851          38   8  55.7067666     
1218-024        12  21  23.94118963          -2  41  49.6094758     
1219+044        12  22  22.54962462           4  13  15.7759734     
1219+285        12  21  31.69049806          28  13  58.5002004     
1221+809        12  23  40.49374452          80  40   4.3403769     
1222+037        12  24  52.42193875           3  30  50.2925956     
1222+131        12  25   3.74333308          12  53  13.1389718     
1222+216        12  24  54.45840757          21  22  46.3885888     
1222+438        12  24  51.50528775          43  35  19.2873198     
1226+023        12  29   6.69977449           2   3   8.5984634     
1226+373        12  28  47.42367736          37   6  12.0956589     
1226-028        12  28  36.91732335          -3   4  39.3126821     
1227+255        12  30  14.08934095          25  18   7.1361769     
1227+587        12  30   7.05725664          58  30   7.7625550     
1228+126        12  30  49.42337978          12  23  28.0435113     
1228-113        12  30  55.55605255         -11  39   9.7974320     
1229-021        12  32   0.01599211          -2  24   4.7944906     
1231+811        12  33  12.89307169          80  54  33.9722729     
1236+049        12  39  32.75568122           4  43   5.2329055     
1236+077        12  39  24.58832489           7  30  17.1890776     
1237-101        12  39  43.06153556         -10  23  28.6929184     
1239+376        12  42   9.81237639          37  20   5.6925678     
1240+381        12  42  51.36903193          37  51   0.0252647     
1241+749        12  43  45.03331232          74  42  37.1147433     
1243-072        12  46   4.23210922          -7  30  46.5747369     
1243-160        12  45  53.74227948         -16  16  45.7052960     
1244-255        12  46  46.80204616         -25  47  49.2891322     
1245-062        12  48  22.97566621          -6  32   9.8181434     
1245-457        12  48  28.49515425         -45  59  47.1804451     
1247+025        12  50  32.58080670           2  16  32.1735982     
1249-673        12  52  43.21211510         -67  37  38.7465989     
1251-713        12  54  59.92159623         -71  38  18.4365979     
1252+119        12  54  38.25562015          11  41   5.8949859     
1253+185        12  55  31.75991832          18  17  50.9102261     
1253-055        12  56  11.16658245          -5  47  21.5251421     
1255+327        12  57  57.23185035          32  29  29.3262863     
1255-177        12  58  38.30170731         -18   0   3.1245830     
1255-316        12  57  59.06085477         -31  55  16.8514114     
1256-220        12  58  54.47879066         -22  19  31.1251077     
1257+519        12  59  31.17395849          51  40  56.2612709     
1300+485        13   2  17.19606824          48  19  17.5743210     
1300+580        13   2  52.46526605          57  48  37.6093529     
1302-034        13   4  43.64221263          -3  46   2.5514724     
1302-102        13   5  33.01502509         -10  33  19.4284204     
1303+557        13   6   3.35107397          55  29  43.8568300     
1306+360        13   8  23.70912771          35  46  37.1639366     
1306-395        13   9  48.48833519         -39  48  33.0855915     
1307+121        13   9  33.93245142          11  54  24.5530294     
1307-556        13  10  43.35560702         -55  52  11.5295058     
1308+326        13  10  28.66385640          32  20  43.7826269     
1308+328        13  10  59.40272737          32  33  34.4494394     
1308+471        13  10  53.59158038          46  53  52.2203781     
1308+554        13  11   3.21080741          55  13  54.3223511     
1310-041        13  12  50.90122945          -4  24  49.8921084     
1312-533        13  15   4.18113271         -53  34  35.8748878     
1313-333        13  16   7.98595442         -33  38  59.1727454     
1315+346        13  17  36.49417631          34  25  15.9324454     
1315-058        13  18  33.70943138          -6   7  23.8203541     
1316-120        13  19  12.07207384         -12  17  32.1289007     
1317+019        13  20  26.79488343           1  40  36.8120969     
1318+225        13  21  11.20254715          22  16  12.1083372     
1319-093        13  22  36.91263164          -9  37  37.8003015     
1321-105        13  24  25.79310568         -10  49  23.1345154     
1322+835        13  21  45.60882972          83  16  13.4237326     
1323+321        13  26  16.51138692          31  54   9.5223743     
1324+224        13  27   0.86131471          22  10  50.1626931     
1325+126        13  27  54.68299916          12  23   9.1782049     
1325-133        13  27  42.02372802         -13  36   0.1609041     
1325-558        13  29   1.14492717         -56   8   2.6658815     
1327+504        13  29   5.80269606          50   9  26.4006848     
1328+307        13  31   8.28806387          30  30  32.9592872     
1329-049        13  32   4.46468775          -5   9  43.3061464     
1329-126        13  32  39.25140586         -12  56  15.3435999     
1330+022        13  32  53.27053746           2   0  45.6990384     
1330+276        13  33   7.49072705          27  25  18.3825224     
1330+476        13  32  45.24642528          47  22  22.6676900     
1331+170        13  33  35.78263151          16  49   4.0144024     
1331-195        13  33  45.17568892         -19  50  42.3434139     
1333-082        13  36   8.25983383          -8  29  51.7982235     
1334-127        13  37  39.78278123         -12  57  24.6933794     
1335+552        13  37  49.64221764          55   1   2.1172698     
1339-206        13  42   4.73955791         -20  51  29.5413587     
1339-287        13  42  15.34564539         -29   0  41.8313370     
1341-171        13  44  14.40245980         -17  23  40.3958477     
1342+662        13  43  45.95957786          66   2  25.7449620     
1342+663        13  44   8.67958179          66   6  11.6436944     
1343+073        13  45  49.31477081           7   6  31.1202454     
1343+537        13  45  45.35523222          53  32  52.2887909     
1345+125        13  47  33.36168787          12  17  24.2377172     
1345+289        13  48   4.34908422          28  40  25.3668230     
1346-109        13  49   3.19304855         -11  10   0.8191071     
1347+539        13  49  34.65662875          53  41  17.0397835     
1348+087        13  51  16.91905928           8  30  39.9033217     
1348+308        13  50  52.73622008          30  34  53.5906026     
1349-145        13  51  52.64963394         -14  49  14.5580479     
1349-439        13  52  56.53497973         -44  12  40.3879497     
1351-018        13  54   6.89532922          -2   6   3.1904469     
1352+757        13  53  23.16806257          75  32  57.7354950     
1352-104        13  54  46.51868674         -10  41   2.6561204     
1354+195        13  57   4.43664320          19  19   7.3725358     
1354-152        13  57  11.24498476         -15  27  28.7867883     
1356+022        13  59  27.14933483           1  59  54.5629743     
1357+404        13  59  38.09425940          40  11  38.2502746     
1357+769        13  57  55.37151642          76  43  21.0509904     
1357-187        14   0   3.86598884         -18  58  11.0854342     
1358-090        14   1   5.33184982          -9  16  31.5720399     
1401+000        14   4  12.12398005          -0  13  25.0912089     
1402+044        14   5   1.11982984           4  15  35.8186447     
1402-144        14   5  32.86735434         -14  40  18.2968009     
1403+411        14   5   7.79544807          40  56  57.8310739     
1404+286        14   7   0.39433271          28  27  14.6888077     
1405-287        14   8  49.61375659         -29   0  23.6083435     
1406-076        14   8  56.48120267          -7  52  26.6666442     
1406-267        14   9  50.16978260         -26  57  36.9805036     
1407+022        14  10   4.65594953           2   3   6.9128660     
1409+373        14  11  14.51613011          37   5  35.6236808     
1412-368        14  15  26.01635739         -37   5  26.9701399     
1413+135        14  15  58.81751360          13  20  23.7129403     
1415+463        14  17   8.16147817          46   7   5.4489309     
1416-516        14  19  35.24532214         -51  54  58.5697773     
1417+273        14  19  59.29706636          27   6  25.5526449     
1417+385        14  19  46.61375377          38  21  48.4749686     
1418+546        14  19  46.59740840          54  23  14.7869814     
1418-481        14  21  38.64654868         -48  20  22.7970079     
1419-229        14  22  37.10636255         -23   8  30.1359834     
1420+326        14  22  30.37893158          32  23  10.4402689     
1420-679        14  24  55.55747124         -68   7  58.0949333     
1423+146        14  25  49.01801413          14  24  56.9017814     
1424+240        14  27   0.39177353          23  48   0.0375334     
1424+366        14  26  37.08750649          36  25   9.5734969     
1424-418        14  27  56.29758164         -42   6  19.4376776     
1427+109        14  30   9.73877636          10  43  26.8615725     
1428+370        14  30  40.58368856          36  49   3.8887177     
1428+422        14  30  23.74164109          42   4  36.4911819     
1429+249        14  31  25.88470357          24  42  20.7049141     
1431-115        14  34  21.13585124         -11  46  19.5113677     
1432+200        14  34  39.79336631          19  52   0.7357750     
1434+235        14  36  40.98108817          23  21   3.2594460     
1435+638        14  36  45.80225579          63  36  37.8667452     
1435-218        14  38   9.46939650         -22   4  54.7484979     
1435-311        14  38  10.78572666         -31  22  28.5267987     
1437+374        14  39  20.57785410          37  12   2.8359095     
1437-153        14  39  56.87206004         -15  31  50.5549113     
1438+501        14  39  46.97622019          49  58   5.4556825     
1438-151        14  41  45.41725907         -15  23  36.2653668     
1441+252        14  43  56.89220387          25   1  44.4906227     
1441+522        14  43   2.76069642          52   1  37.2984709     
1443-162        14  45  53.37630436         -16  29   1.6190802     
1445-161        14  48  15.05415505         -16  20  24.5490305     
1448+762        14  48  28.77915405          76   1  11.5973153     
1451+270        14  53  53.60064045          26  48  33.4097310     
1451-375        14  54  27.40977485         -37  47  33.1452131     
1451-400        14  54  32.91236708         -40  12  32.5149052     
1454-060        14  56  41.39264250          -6  17  43.2042803     
1456+044        14  58  59.35620724           4  16  13.8205143     
1456-179        14  59  28.76319841         -18  10  45.1864207     
1458+718        14  59   7.58395500          71  40  19.8663123     
1459+480        15   0  48.65421685          47  51  15.5379584     
1459-149        15   2  25.01745384         -15   8  52.5198774     
1501-343        15   5   2.37038186         -34  32  56.8206618     
1502+036        15   5   6.47716152           3  26  30.8125405     
1502+106        15   4  24.97977785          10  29  39.1984691     
1504+377        15   6   9.52997284          37  30  51.1324502     
1504-166        15   7   4.78696513         -16  52  30.2672436     
1505+428        15   6  53.04183485          42  39  23.0355240     
1505-156        15   8  35.70160837         -15  48  31.5318564     
1508+572        15  10   2.92236580          57   2  43.3757336     
1508-055        15  10  53.59141940          -5  43   7.4175410     
1509+022        15  12  15.74174524           2   3  16.9790100     
1509-564        15  12  55.81940167         -56  40  30.6432727     
1510-089        15  12  50.53293242          -9   5  59.8297466     
1511-100        15  13  44.89342818         -10  12   0.2648388     
1511-210        15  13  56.97012398         -21  14  57.5070325     
1511-360        15  14  40.87393206         -36  17   4.8756548     
1511-476        15  14  40.02459755         -47  48  29.8581990     
1511-558        15  15  12.67293114         -55  59  32.8383127     
1514+004        15  16  40.21906095           0  15   1.9089700     
1514+197        15  16  56.79615963          19  32  12.9919183     
1514-241        15  17  41.81314485         -24  22  19.4761329     
1514-261        15  17  26.62239139         -26  18  18.9787977     
1518+045        15  21  22.54359825           4  20  30.1366742     
1519-273        15  22  37.67600269         -27  30  10.7855203     
1520+319        15  22   9.99172999          31  44  14.3819686     
1520+437        15  21  49.61387372          43  36  39.2679621     
1522+113        15  25   2.93422575          11   7  44.0626427     
1522+155        15  24  41.61149208          15  21  21.0504708     
1529-131        15  32  45.37473421         -13  19  10.0857388     
1530-536        15  34  20.66069171         -53  51  13.4229497     
1531-352        15  34  54.68758451         -35  26  23.4973321     
1532+016        15  34  52.45367595           1  31   4.2064977     
1532-473        15  35  52.24152682         -47  30  22.9765085     
1534-152        15  37  41.57311241         -15  27  12.4988449     
1535+231        15  37  14.50085007          23   0  40.5114637     
1538+149        15  40  49.49151726          14  47  45.8847878     
1538+477        15  39  34.81036012          47  35  31.2640778     
1546+027        15  49  29.43685097           2  37   1.1632186     
1547+507        15  49  17.46855530          50  38   5.7875083     
1548+056        15  50  35.26924558           5  27  10.4479093     
1549-790        15  56  58.86951317         -79  14   4.2825400     
1550+582        15  51  58.20782492          58   6  44.4545613     
1550-242        15  53  31.62781485         -24  22   6.0359412     
1555+001        15  57  51.43397675          -0   1  50.4138225     
1556+335        15  58  55.18626953          33  23  18.6064555     
1556-245        15  59  41.40911822         -24  42  38.8322671     
1557+032        15  59  30.97261084           3   4  48.2568078     
1600+335        16   2   7.26348982          33  26  53.0738380     
1600-445        16   4  31.02075245         -44  41  31.9732801     
1601+112        16   3  41.93125664          11   5  48.6791444     
1602-115        16   5  17.53165809         -11  39  26.8310337     
1603+301        16   5  33.04801200          30   1  29.7029666     
1604+274        16   6  58.30033124          27  17   5.5835202     
1604+315        16   6   8.51837041          31  24  46.4581072     
1604-333        16   7  34.76233510         -33  31   8.9132604     
1606+106        16   8  46.20318811          10  29   7.7757089     
1606+403        16   8  22.15769490          40  12  17.8335744     
1606-398        16  10  21.87912037         -39  58  58.3290102     
1606-742        16  12  33.88504446         -74  23  40.1429806     
1607+268        16   9  13.32073354          26  41  29.0350690     
1608+243        16  10  42.02678017          24  14  49.0116246     
1610-771        16  17  49.27651801         -77  17  18.4676438     
1611+343        16  13  41.06423072          34  12  47.9085923     
1611-710        16  16  30.64169467         -71   8  31.4535646     
1614+051        16  16  37.55682210           4  59  32.7363421     
1614-195        16  17  27.09306598         -19  41  32.0145209     
1615+029        16  17  49.90811763           2  46  43.1044603     
1616+063        16  19   3.68767655           6  13   2.2426200     
1617+229        16  19  14.82459342          22  47  47.8511678     
1619-680        16  24  18.43713163         -68   9  12.4956436     
1622+665        16  23   4.52166828          66  24   1.0787210     
1622-253        16  25  46.89165302         -25  27  38.3267124     
1622-297        16  26   6.02084287         -29  51  26.9711267     
1623+569        16  24  32.17948298          56  52  28.0009876     
1623+578        16  24  24.80756175          57  41  16.2808532     
1623-243        16  27   0.00621143         -24  26  40.4633545     
1624+416        16  25  57.66970927          41  34  40.6292505     
1624-617        16  28  54.68982163         -61  52  36.3982370     
1633+382        16  35  15.49297474          38   8   4.5004535     
1634+213        16  36  38.18345878          21  12  55.5945957     
1636+473        16  37  45.13055100          47  17  33.8310808     
1637+574        16  38  13.45628856          57  20  23.9789887     
1637+826        16  32  31.96987662          82  32  16.3999665     
1638+124        16  40  47.93882593          12  20   2.0792384     
1638+398        16  40  29.63276875          39  46  46.0283656     
1639+230        16  41  25.22755775          22  57   4.0328025     
1639-062        16  42   2.17771981          -6  21  23.6950705     
1639-200        16  42   5.29090468         -20   7  24.8493790     
1641+399        16  42  58.80999990          39  48  36.9942359     
1642+690        16  42   7.84852879          68  56  39.7560733     
1642-645        16  47  37.74146205         -64  38   0.2688705     
1645+635        16  45  58.55265393          63  30  10.9226578     
1647-296        16  50  39.54411520         -29  43  46.9546398     
1648+015        16  51   3.66237597           1  29  23.4577024     
1650-157        16  53  34.20642807         -15  51  29.8881907     
1651+391        16  52  58.50957256          39   2  49.8220034     
1652+398        16  53  52.21668045          39  45  36.6087323     
1655+077        16  58   9.01146336           7  41  27.5405274     
1656+053        16  58  33.44731064           5  15  16.4436047     
1656+477        16  58   2.77957922          47  37  49.2303955     
1656+482        16  57  46.87895949          48   8  33.0407406     
1656+571        16  57  20.70891661          57   5  53.5036230     
1656+602        16  56  48.24497748          60  12  16.4344855     
1656-075        16  58  44.06196971          -7  39  17.6943809     
1657+265        16  59  24.14945151          26  29  36.9430609     
1657-261        17   0  53.15407000         -26  10  51.7254544     
1657-562        17   1  44.85814773         -56  21  55.9018481     
1659+399        17   1  24.63481410          39  54  37.0915095     
1659-621        17   3  36.54121978         -62  12  40.0086569     
1704-141        17   7  20.39056709         -14  15  23.1270016     
1705+018        17   7  34.41526446           1  48  45.6992495     
1705+135        17   7  45.63727847          13  31   5.2324416     
1705+456        17   7  17.75344246          45  36  10.5527703     
1706+006        17   8  44.64743011           0  35   9.5154770     
1706-174        17   9  34.34538986         -17  28  53.3648539     
1708-250        17  11  23.10228103         -25   9   1.5629412     
1709-342        17  13   9.94155036         -34  18  29.4280317     
1710-269        17  13  31.27558196         -26  58  52.5264395     
1710-323        17  13  50.79025019         -32  26  12.2094959     
1711-208        17  14  32.51303121         -20  53  54.2896760     
1714-336        17  17  36.02937396         -33  42   8.8272897     
1716+686        17  16  13.93798153          68  36  38.7450403     
1717+178        17  19  13.04848710          17  45   6.4372243     
1717-618        17  21  39.01657729         -61  54  43.0185048     
1718+384        17  20  10.33478284          38  25  56.1643092     
1718-259        17  21  55.97916084         -25  58  40.6931762     
1719-729        17  26   1.11244614         -72  59  59.9920331     
1720+102        17  22  44.58278202          10  13  35.7735286     
1720+282        17  22  42.16158814          28  15   0.0759084     
1721-146        17  24  46.96654686         -14  43  59.7608242     
1722+119        17  25   4.34089815          11  52  15.4715163     
1722+330        17  24  14.19782876          33   3   3.9387900     
1722+401        17  24   5.42882139          40   4  36.4569378     
1724+322        17  26  35.12466680          32  13  23.0222814     
1725+044        17  28  24.95273124           4  27   4.9138022     
1725+123        17  28   7.05121924          12  15  39.4854243     
1726+455        17  27  27.65080236          45  30  39.7312262     
1726-269        17  29   8.21637309         -26  57  50.7443694     
1730-130        17  33   2.70579470         -13   4  49.5481969     
1732+389        17  34  20.57853758          38  57  51.4429804     
1732-593        17  37  19.67260681         -59  21  41.8918385     
1734+063        17  37  13.72902250           6  21   3.5721512     
1734+363        17  35  48.08661363          36  16  45.6113991     
1736+324        17  38  40.50182170          32  24   9.0255740     
1737-081        17  40   1.56620414          -8  11  14.7819810     
1738+476        17  39  57.12906417          47  37  58.3614063     
1738+499        17  39  27.39049465          49  55   3.3682545     
1739+522        17  40  36.97786007          52  11  43.4073368     
1739-152        17  42  11.66284870         -15  17  29.1584141     
1741-038        17  43  58.85613600          -3  50   4.6168309     
1741-312        17  44  23.57823089         -31  16  36.2929107     
1742-078        17  45  27.10494759          -7  53   3.9482825     
1743+173        17  45  35.20817423          17  20   1.4236682     
1743-548        17  47  24.43513968         -54  50  21.5768883     
1744+557        17  44  56.60705356          55  42  17.1609812     
1745+624        17  46  14.03410234          62  26  54.7381333     
1746+470        17  47  26.64727158          46  58  50.9261895     
1748-253        17  51  51.26217410         -25  24   0.0645447     
1749+096        17  51  32.81857508           9  39   0.7283567     
1749+701        17  48  32.84033313          70   5  50.7687470     
1749-299        17  52  33.10807967         -29  56  44.9161388     
1750+175        17  52  46.00289486          17  34  20.3499704     
1750-187        17  53   9.08863011         -18  43  38.5227236     
1751+288        17  53  42.47364362          28  48   4.9388923     
1751+441        17  53  22.64787486          44   9  45.6861078     
1753+204        17  55  35.52096306          20  23  57.1373134     
1754+155        17  56  53.10213441          15  35  20.8264428     
1758+388        18   0  24.76534944          38  48  30.6973216     
1759-396        18   2  42.68005897         -39  40   7.9083161     
1800+440        18   1  32.31481300          44   4  21.9001839     
1802-381        18   5  41.64820196         -38   5  44.5247392     
1803+784        18   0  45.68390164          78  28   4.0183980     
1803-642        18   7  54.03276850         -64  13  50.1140297     
1804-502        18   8  13.83562813         -50  11  53.6123836     
1806+456        18   8  21.88589243          45  42  20.8664608     
1806-458        18   9  57.87176277         -45  52  41.0145219     
1807+698        18   6  50.68064489          69  49  28.1085003     
1809+170        18  11  43.18346544          17   4  57.2575121     
1809+568        18  10   3.31900630          56  49  22.9701926     
1812+412        18  14  22.70617909          41  13   5.6082224     
1815-553        18  19  45.39954113         -55  21  20.7456073     
1817+387        18  19  26.54735794          38  45   1.7861025     
1817-254        18  20  57.84869031         -25  28  12.5838166     
1818-050        18  21  11.80954702          -5   2  20.0852291     
1821+107        18  24   2.85525501          10  44  23.7739667     
1822+012        18  24  48.14343520           1  19  34.2016983     
1823+568        18  24   7.06836532          56  51   1.4907053     
1823+689        18  23  32.85390321          68  57  52.6124306     
1823-294        18  26  20.59911800         -29  24  24.9527506     
1824-582        18  29  12.40238588         -58  13  55.1620384     
1825-214        18  28  19.48702770         -21  23  38.7696161     
1827-272        18  31   0.04479069         -27  14   6.1820108     
1827-481        18  31  41.45666713         -48   5  21.0093735     
1828+487        18  29  31.78093956          48  44  46.1608342     
1829-106        18  32  20.83643572         -10  35  11.1994088     
1829-207        18  32  11.04657267         -20  39  48.2024120     
1830+285        18  32  50.18565072          28  33  35.9547422     
1830-211        18  33  39.88659558         -21   3  40.5517964     
1831-711        18  37  28.71495350         -71   8  43.5546717     
1839+548        18  40  57.37669264          54  52  15.9103715     
1842+681        18  42  33.64164487          68   9  25.2276752     
1842-289        18  45  51.36829741         -28  52  40.2760439     
1845-273        18  48  47.50418668         -27  18  18.0724352     
1846+322        18  48  22.08857597          32  19   2.6036564     
1847+303        18  49  20.10341283          30  24  14.2371209     
1848+283        18  50  27.58981235          28  25  13.1553256     
1849+670        18  49  16.07227759          67   5  41.6801908     
1850+402        18  52  30.37255825          40  19   6.6084708     
1851+488        18  52  28.54780333          48  55  47.4812041     
1855+031        18  58   2.35274971           3  13  16.3008879     
1901+319        19   2  55.93889296          31  59  41.7018364     
1903+196        19   5  36.47210649          19  43   8.0449565     
1903-802        19  12  40.01909500         -80  10   5.9464161     
1904+013        19   7  11.99614828           1  27   8.9615150     
1908+484        19   9  46.56270830          48  34  31.8200965     
1908-201        19  11   9.65289015         -20   6  55.1090667     
1909+161        19  11  58.25740361          16  11  46.8650345     
1910+375        19  12  25.12361642          37  40  36.6447763     
1910-466        19  14  13.81413495         -46  31  31.9366405     
1914-154        19  16  52.51099673         -15  19   0.0714686     
1920-211        19  23  32.18981538         -21   4  33.3331200     
1921-293        19  24  51.05596307         -29  14  30.1210332     
1922+155        19  24  39.45586840          15  40  43.9414435     
1922+478        19  23  27.22978756          47  54  16.8181495     
1922-224        19  25  39.79019035         -22  19  35.1127959     
1923+210        19  25  59.60535298          21   6  26.1620197     
1924+507        19  26   6.32165892          50  52  57.0171479     
1925-610        19  30   6.16010762         -60  56   9.1841460     
1926+611        19  27  30.44258150          61  17  32.8791255     
1928+154        19  30  52.76698391          15  32  34.4272552     
1928+738        19  27  48.49510060          73  58   1.5703686     
1929+226        19  31  24.91677756          22  43  31.2584975     
1929-457        19  32  44.88777223         -45  36  37.9298877     
1932+204        19  35  10.47289925          20  31  54.1540523     
1933-400        19  37  16.21737312         -39  58   1.5532258     
1935+360        19  37  31.43661138          36   7  35.8418326     
1936+046        19  38  30.66955084           4  48  11.6143511     
1936-155        19  39  26.65775639         -15  25  43.0586695     
1937-101        19  39  57.25659725         -10   2  41.5200475     
1944+126        19  47  19.52665036          12  48  55.4199177     
1946+358        19  48   4.52009927          35  56  20.6712155     
1946-200        19  49  53.42020008         -19  57  13.3299811     
1949-052        19  51  47.46845695          -5   9  43.9626296     
1950+253        19  52  48.29396812          25  26  53.4838849     
1951+355        19  53  30.87570581          35  37  59.3589780     
1951-115        19  54  41.15573044         -11  23  22.6422496     
1953-325        19  56  59.45529329         -32  25  46.0070491     
1954+513        19  55  42.73827096          51  31  48.5459381     
1954-388        19  57  59.81928497         -38  45   6.3560949     
1958-179        20   0  57.09044218         -17  48  57.6727329     
1959+241        20   1  53.77789870          24  16  39.9897324     
1959+332        20   1  42.20908008          33  23  44.7661356     
2000+148        20   2  41.99923513          15   1  14.5739598     
2000+472        20   2  10.41825645          47  25  28.7735926     
2002-185        20   5  17.29315247         -18  22   3.3218959     
2002-375        20   5  55.07088591         -37  23  41.4782170     
2005+642        20   6  17.69451450          64  24  45.4178433     
2005-044        20   8  24.42920346          -4  18  29.2981388     
2007+659        20   7  28.77108743          66   7  22.5354518     
2007+777        20   5  30.99861681          77  52  43.2475586     
2008+332        20  10  49.72303090          33  22  13.8125904     
2008+355        20   9  57.63761970          35  43  18.0016101     
2008-068        20  11  14.21582426          -6  44   3.5555560     
2008-159        20  11  15.71093018         -15  46  40.2537324     
2010+463        20  12   5.63724044          46  28  55.7784237     
2012-017        20  15  15.15795827          -1  37  32.5602566     
2013+163        20  16  13.86002706          16  32  34.1129150     
2017+745        20  17  13.07929574          74  40  47.9999356     
2018+295        20  20   6.56361936          29  42  14.1862767     
2021+222        20  23  23.16023336          22  23  52.5251390     
2021+317        20  23  19.01733921          31  53   2.3061385     
2021+614        20  22   6.68175044          61  36  58.8050317     
2022+171        20  24  56.56344324          17  18  13.1972810     
2022+542        20  23  55.84400978          54  27  35.8287022     
2022-077        20  25  40.66040417          -7  35  52.6889406     
2023+335        20  25  10.84211661          33  43   0.2142106     
2027-052        20  30  22.42838844          -5   3  12.7767382     
2029+024        20  31  47.25111129           2  39  37.2835545     
2029+121        20  31  54.99426317          12  19  41.3400834     
2030+547        20  31  47.95854985          54  55   3.1381649     
2030-689        20  35  48.87648446         -68  46  33.8410428     
2033-219        20  36  51.17272083         -21  46  36.7505367     
2034-066        20  36  40.70894565          -6  29   3.8481407     
2036-034        20  39   9.98490016          -3  17  14.4173410     
2036-109        20  39   0.71042741         -10  46  41.8629952     
2037+216        20  39  34.80830805          21  52   9.6825535     
2037+511        20  38  37.03471789          51  19  12.6623916     
2037-253        20  40   8.77294341         -25   7  46.6636439     
2039+452        20  40  48.33311485          45  27  17.1458482     
2047-266        20  50  24.69384089         -26  28  18.0576242     
2048+312        20  50  51.13146118          31  27  27.3737162     
2048+361        20  50   2.28454309          36  19  52.5021557     
2050+364        20  52  52.05513460          36  35  35.2994395     
2051-204        20  54  22.07245693         -20  16  16.8195371     
2052+239        20  54  29.53307869          24   7  33.7651796     
2052-474        20  56  16.35982187         -47  14  47.6278200     
2054-377        20  57  41.60349643         -37  34   2.9904223     
2058-297        21   1   1.65999589         -29  33  27.8368413     
2059+034        21   1  38.83415108           3  41  31.3208542     
2059-786        21   5  44.96148333         -78  25  34.5470267     
2100+468        21   2  17.05600622          47   2  16.2532116     
2103+213        21   6  10.81817691          21  35  35.9963549     
2105+551        21   6  37.53887098          55  20  41.7159884     
2106+143        21   8  41.03214015          14  30  27.0125766     
2106-413        21   9  33.18860486         -41  10  20.6055634     
2109-811        21  16  30.84573402         -80  53  55.2234219     
2111+400        21  13  29.48620398          40  12  51.3874268     
2112+463        21  14  32.87565374          46  34  39.3016894     
2112-144        21  15  18.43556289         -14  16  43.3723061     
2113+293        21  15  29.41344105          29  33  38.3668042     
2116+818        21  14   1.17105970          82   4  48.3403405     
2116-068        21  18  43.24216611          -6  36  17.9991642     
2118+443        21  20  31.77426947          44  34  34.2627389     
2120+099        21  23  13.35848052          10   7  54.9452287     
2120-309        21  23  48.59954517         -30  46   5.4385808     
2121+053        21  23  44.51739987           5  35  22.0929675     
2121+547        21  23   5.31343348          55   0  27.3251944     
2123-463        21  26  30.70427359         -46   5  47.8917634     
2126-158        21  29  12.17589105         -15  38  41.0416935     
2127-096        21  30  19.08825620          -9  27  37.4353345     
2128+048        21  30  32.87743443           5   2  17.4737715     
2128-123        21  31  35.26177024         -12   7   4.7959136     
2131-021        21  34  10.30958865          -1  53  17.2390247     
2134+004        21  36  38.58637623           0  41  54.2125093     
2135+508        21  37   0.98615810          51   1  36.1290148     
2135-248        21  38  37.18108162         -24  39  54.4662395     
2136+141        21  39   1.30926340          14  23  35.9921702     
2139-249        21  42  30.95905415         -24  44  38.8322185     
2141+175        21  43  35.54456317          17  43  48.7873929     
2142+110        21  45  18.77506256          11  15  27.3122394     
2142-758        21  47  12.73067977         -75  36  13.2248086     
2143-156        21  46  22.97933135         -15  25  43.8857168     
2143-298        21  46   5.75218220         -29  35  11.4111498     
2144+092        21  47  10.16296653           9  29  46.6721274     
2145+067        21  48   5.45866222           6  57  38.6039450     
2145-176        21  48  36.80082983         -17  23  44.0146874     
2146+608        21  48  16.04221048          61   7   5.7933419     
2146-682        21  50  13.39054243         -68   2  50.4086497     
2149+056        21  51  37.87548989           5  52  12.9543635     
2149+069        21  51  31.42924973           7   9  26.7834845     
2149-307        21  51  55.52397246         -30  27  53.6977997     
2150+173        21  52  24.81939020          17  34  37.7949419     
2152+172        21  54  40.90046129          17  27  50.7939041     
2152+226        21  55   6.45849882          22  50  22.2811848     
2155+312        21  57  28.82387419          31  27   1.3516718     
2155-152        21  58   6.28188822         -15   1   9.3283337     
2155-304        21  58  52.06513960         -30  13  32.1183703     
2159+505        22   1  43.53724626          50  48  56.3890631     
2200+420        22   2  43.29135954          42  16  39.9798947     
2201+171        22   3  26.89368011          17  25  48.2476410     
2201+315        22   3  14.97576265          31  45  38.2697355     
2204-007        22   6  43.28260596          -0  31   2.4952146     
2204-540        22   7  43.73331001         -53  46  33.8199365     
2205+166        22   7  52.86567399          16  52  17.8153653     
2205-002        22   7  55.24708684          -0   2  15.0862525     
2208-137        22  11  24.09945214         -13  28   9.7240250     
2209+080        22  12   1.58929596           8  19  16.5098116     
2209+236        22  12   5.96631121          23  55  40.5436767     
2210+065        22  12  50.83929229           6  46   8.7405861     
2210-257        22  13   2.49799035         -25  29  30.0806122     
2211+069        22  14   8.86159654           7  11  42.3922926     
2211+374        22  14   5.69485445          37  39   9.1961881     
2214+350        22  16  20.00989339          35  18  14.1800805     
2215+150        22  18  10.91389904          15  20  35.7174302     
2215+316        22  17  17.57638085          31  56  49.9953932     
2216-038        22  18  52.03772900          -3  35  36.8792076     
2220+119        22  22  52.98901207          12  13  49.8085613     
2220-351        22  23   5.93057079         -34  55  47.1777263     
2223-052        22  25  47.25929553          -4  57   1.3909594     
2223-114        22  25  43.71839445         -11  13  40.6983495     
2227-088        22  29  40.08433443          -8  32  54.4357029     
2227-399        22  30  40.27856933         -39  42  52.0666309     
2229+591        22  31  17.07548457          59  22   0.8471746     
2229+695        22  30  36.46970028          69  46  28.0768216     
2229-172        22  32  22.56457513         -16  59   1.8923386     
2230+114        22  32  36.40889620          11  43  50.9039819     
2232-488        22  35  13.23657465         -48  35  58.7947672     
2233-148        22  36  34.08715739         -14  33  22.1897836     
2233-173        22  36   9.52277431         -17   6  21.9732298     
2233-234        22  36  26.23871746         -23   9  26.5974349     
2234+282        22  36  22.47082088          28  28  57.4128782     
2235+731        22  36  38.59694057          73  22  52.6620830     
2236+124        22  38  34.60483462          12  42  50.7818673     
2236-572        22  39  12.07591423         -57   1   0.8400986     
2239+096        22  41  49.71731044           9  53  52.4448737     
2242+031        22  45  28.28474132           3  24   8.8636109     
2243-123        22  46  18.23197577         -12   6  51.2781193     
2244-372        22  47   3.91734843         -36  57  46.3040279     
2245-128        22  47  52.64104528         -12  37  19.7215298     
2245-328        22  48  38.68575291         -32  35  52.1884245     
2248+555        22  50  42.85101209          55  50  14.5812549     
2250+190        22  53   7.36916013          19  42  34.6284101     
2251+158        22  53  57.74794971          16   8  53.5609739     
2251+244        22  54   9.34191942          24  45  23.4237094     
2251-419        22  54  36.69749648         -41  39  40.2542381     
2252-090        22  55   4.23979783          -8  44   4.0217655     
2253+417        22  55  36.70783124          42   2  52.5325166     
2254+024        22  57  17.56309969           2  43  17.5114031     
2254+074        22  57  17.30311487           7  43  12.3024443     
2255-282        22  58   5.96288493         -27  58  21.2567273     
2256+570        22  58  57.94123197          57  19   6.4635913     
2256-084        22  59   0.68885317          -8  11   3.0462257     
2258+166        23   0  42.99111235          16  55  14.3913926     
2259+058        23   1  53.46115323           6   9  12.8204809     
2302+232        23   4  36.43640014          23  31   7.6110967     
2303-052        23   6  15.31708952          -4  59  48.2850483     
2304-230        23   7  38.65487323         -22  47  52.9947633     
2306+095        23   8  44.17160605           9  46  26.1109901     
2307+106        23  10  28.51774781          10  55  30.6965044     
2309+454        23  11  47.40896299          45  43  56.0164588     
2312-505        23  15  44.33036368         -50  18  39.7044965     
2315-172        23  18  11.36139442         -16  59  29.1888375     
2316+238        23  18  33.96783953          24   4  39.7493666     
2318+049        23  20  44.85659832           5  13  49.9524204     
2319+272        23  21  59.86222226          27  32  46.4436590     
2319+317        23  21  54.95597777          32   4   7.6225420     
2319+444        23  22  20.35807273          44  45  42.3535814     
2320+079        23  22  36.08947458           8  12   1.5931427     
2320+506        23  22  25.98217093          50  57  51.9636896     
2320-035        23  23  31.95375120          -3  17   5.0239189     
2324+148        23  26  52.89168786          15   7  39.7124650     
2325+093        23  27  33.58054701           9  40   9.4625671     
2325+152        23  27  35.98487822          15  33   9.5748503     
2325-150        23  27  47.96431818         -14  47  55.7499768     
2326-477        23  29  17.70437082         -47  30  19.1148872     
2326-502        23  29  20.88178102         -49  55  40.6547546     
2328+107        23  30  40.85224846          11   0  18.7095653     
2331+073        23  34  12.82814731           7  36  27.5511164     
2331-240        23  33  55.23783298         -23  43  40.6583235     
2335-027        23  37  57.33907794          -2  30  57.6293077     
2335-181        23  37  56.62776643         -17  52  20.4102201     
2336+598        23  39  21.12518422          60  10  11.8495432     
2344+092        23  46  36.83855494           9  30  45.5149581     
2344+798        23  46  25.60898547          80   7  55.2395379     
2344-514        23  47  19.86411749         -51  10  36.0653773     
2345+061        23  48  31.77066385           6  24  59.7818209     
2345-047        23  48  11.75775489          -4  25  56.3822679     
2345-167        23  48   2.60850802         -16  31  12.0222573     
2346+385        23  49  20.82652863          38  49  17.5584453     
2347+108        23  50   2.03094468          11   6  36.7064802     
2351+456        23  54  21.68022881          45  53   4.2365817     
2351-154        23  54  30.19517573         -15  13  11.2130580     
2353+816        23  56  22.79385890          81  52  52.2551942     
2353-686        23  56   0.68146953         -68  20   3.4729214     
2354-021        23  57  25.13793134          -1  52  15.5094079     
2355-106        23  58  10.88240101         -10  20   8.6115152     
2355-534        23  57  53.26607849         -53  11  13.6896041     
2356+385        23  59  33.18078442          38  50  42.3183225     
2357-318        23  59  35.49153708         -31  33  43.8244340     
2358+189         0   1   8.62156720          19  14  33.8016821     
VIE10585        18  33  39.88660390         -21   3  40.5521019     
VIE10587         2  21   5.46823969          35  56  13.7363956     
VIE10595         1  37  41.29962006          33   9  35.0795559     
