%station          x [m]              y [m]             z [m]            vx [m/y]    vy [m/y]    vz [m/y]      epoch   start  end
DSS13           -2351112.8272     -4655530.5459      3660912.6389      -0.0136       0.0086      -0.0080     57023      0  55182    1  vienna global 2023 sx+vgos 
DSS13           -2351112.8441     -4655530.5839      3660912.6573      -0.0145       0.0074      -0.0090     57023  55182  58164    1  vienna global 2023 sx+vgos 
DSS13           -2351112.8484     -4655530.5496      3660912.6720      -0.0145       0.0074      -0.0090     57023  58164  99999    1  vienna global 2023 sx+vgos 
GOLDMARS        -2353621.5251     -4641341.5617      3677052.0883      -0.0139      -0.0006      -0.0097     57023      0  99999    0  vienna reduced 2023  
DSS15           -2353539.1369     -4641649.3813      3676669.8768      -0.0167       0.0054      -0.0054     57023      0  47735    1  vienna global 2023 sx+vgos 
DSS15           -2353539.1422     -4641649.3812      3676669.8834      -0.0167       0.0054      -0.0054     57023  47735  51415    1  vienna global 2023 sx+vgos 
DSS15           -2353539.1334     -4641649.3879      3676669.9036      -0.0156       0.0048      -0.0048     57023  51415  99999    1  vienna global 2023 sx+vgos 
DSS26           -2354890.9329     -4647166.2961      3668871.7100      -0.0165       0.0053      -0.0048     57023      0  99999    0  vienna reduced 2023  
DSS34           -4461147.6429      2682439.4407     -3674392.7305      -0.0362       0.0000       0.0455     57023      0  99999    0  vienna reduced 2023  
DSS36           -4461168.8898      2682814.7030     -3674083.2973      -0.0361       0.0004       0.0457     57023      0  99999    0  vienna reduced 2023  
DSS43                  0.0000            0.0000            0.0000       0.0000       0.0000       0.0000         0      0      0    0  no coord. available yet     
DSS45           -4460936.0523      2682765.7069     -3674380.3674      -0.0360      -0.0000       0.0452     57023      0  99999    1  vienna global 2023 sx+vgos 
DSS56            4849421.5731      -360549.4559      4114647.0977      -0.0081       0.0193       0.0139     57023      0  99999    0  vienna reduced 2023  
ROBLED32         4849245.3146      -360277.8860      4114885.0352      -0.0070       0.0191       0.0147     57023      0  99999    1  vienna global 2023 sx+vgos 
DSS65            4849336.5282      -360488.4425      4114749.0660      -0.0081       0.0193       0.0138     57023      0  50424    1  vienna global 2023 sx+vgos 
DSS65            4849336.5432      -360488.4428      4114749.0729      -0.0081       0.0193       0.0138     57023  50424  99999    1  vienna global 2023 sx+vgos 
DSS65A           4849339.5439      -360427.4581      4114750.8701      -0.0081       0.0193       0.0138     57023      0  99999    1  vienna global 2023 sx+vgos 
AGGO             2765116.6719     -4449233.7526     -3626420.5900       0.0031      -0.0075       0.0069     57023      0  99999    1  vienna global 2023 sx+vgos 
AIRA            -3530219.7731      4118797.4205      3344015.5689      -0.0232      -0.0098      -0.0169     57023      0  55595    1  vienna global 2023 sx+vgos 
AIRA            -3530219.7907      4118797.4105      3344015.5910      -0.0249      -0.0107      -0.0129     57023  55595  99999    1  vienna global 2023 sx+vgos 
ALGOPARK          918034.4589     -4346132.3353      4561971.2354      -0.0159      -0.0037       0.0039     57023      0  99999    1  vienna global 2023 sx+vgos 
ARECIBO          2390486.9000      5564731.4400      1994720.4500       0.0000       0.0000       0.0000         0      0      0    0  http://pathdelay.net/spd/conf/spd.inp     
ATCA                   0.0000            0.0000            0.0000       0.0000       0.0000       0.0000         0      0      0    0  no coord. available yet     
AUSTINTX         -737793.7363     -5459892.2699      3202990.5054       0.0000      -0.0000      -0.0000     57023      0  99999    0  vienna reduced 2023  
AZORES           4552174.4969     -2186664.3999      3882779.9929      -0.0051       0.0160       0.0116     57023      0  99999    0  vienna reduced 2023  
BADARY           -838201.1222      3865751.5704      4987670.8875      -0.0270       0.0000      -0.0039     57023      0  99999    1  vienna global 2023 sx+vgos 
BLKBUTTE        -2306307.3940     -4787914.3383      3515736.2003      -0.0190       0.0034      -0.0083     57023      0  99999    0  vienna reduced 2023  
BERMUDA          2307209.5265     -4874215.8473      3394317.8780      -0.0009      -0.0006      -0.0003     57023      0  99999    0  vienna reduced 2023  
BLOOMIND          302384.1073     -4941699.0392      4007908.4717      -0.0148       0.0013      -0.0001     57023      0  99999    0  vienna reduced 2023  
BR-VLBA         -2112065.2364     -3705356.5109      4726813.6610      -0.0145       0.0003      -0.0076     57023      0  99999    1  vienna global 2023 sx+vgos 
BREST            4228877.0970      -333104.3597      4747180.9230      -0.0016      -0.0021       0.0015     57023      0  99999    0  vienna reduced 2023  
BADRT13V         -838326.3340      3865797.2280      4987598.3280       0.0000       0.0000       0.0000         0      0      0    0  http://pathdelay.net/spd/conf/spd.inp     
CAMBRIDG               0.0000            0.0000            0.0000       0.0000       0.0000       0.0000         0      0      0    0  no coord. available yet  
CAMBRIDG               0.0000            0.0000            0.0000       0.0000       0.0000       0.0000         0      0      0    0  no coord. available yet  
CAMBRIDG               0.0000            0.0000            0.0000       0.0000       0.0000       0.0000         0      0      0    0  no coord. available yet  
CAMBRIDG               0.0000            0.0000            0.0000       0.0000       0.0000       0.0000         0      0      0    0  no coord. available yet  
CAMBRIDG               0.0000            0.0000            0.0000       0.0000       0.0000       0.0000         0      0      0    0  no coord. available yet  
CAMBRIDG               0.0000            0.0000            0.0000       0.0000       0.0000       0.0000         0      0      0    0  no coord. available yet  
CAMBRIDG               0.0000            0.0000            0.0000       0.0000       0.0000       0.0000         0      0      0    0  no coord. available yet  
CAMBRIDG               0.0000            0.0000            0.0000       0.0000       0.0000       0.0000         0      0      0    0  no coord. available yet  
CAMBRIDG               0.0000            0.0000            0.0000       0.0000       0.0000       0.0000         0      0      0    0  no coord. available yet  
CAMBRIDG               0.0000            0.0000            0.0000       0.0000       0.0000       0.0000         0      0      0    0  no coord. available yet 
CAMBRIDG               0.0000            0.0000            0.0000       0.0000       0.0000       0.0000         0      0      0    0  no coord. available yet 
CHICHI10        -4490618.0185      3483908.6032      2884899.2890       0.0281       0.0222       0.0064     57023      0  55547    1  vienna global 2023 sx+vgos 
CHICHI10        -4490618.0328      3483908.6187      2884899.2900       0.0281       0.0222       0.0064     57023  55547  99999    1  vienna global 2023 sx+vgos 
CEDUNA          -3753442.7457      3912709.7530     -3348067.6095      -0.0417       0.0027       0.0499     50449      0  99999    0  ???     
CEBRER26               0.0000            0.0000            0.0000       0.0000       0.0000       0.0000         0      0      0    0  no coord. available yet     
CARROLGA          453520.6891     -5300506.7799      3507207.4513       0.0000      -0.0000      -0.0000     57023      0  99999    0  vienna reduced 2023  
CHLBOLTN         4008310.2730      -100651.0230      4943794.6454       0.0004       0.0007       0.0005     57023      0  99999    0  vienna reduced 2023  
CARNUSTY         3526416.4501      -171421.2254      5294098.7807       0.0000       0.0000       0.0000     57023      0  99999    0  vienna reduced 2023  
DAITO           -3786460.6886      4320156.0013      2762038.8682      -0.0000      -0.0002      -0.0001     55197      0  99999    0  itrf2014 
DEADMANL        -2336821.3526     -4732589.1655      3570331.4886      -0.0648      -0.0807       0.0551     57023      0  99999    0  vienna reduced 2023  
WESTBRK0               0.0000            0.0000            0.0000       0.0000       0.0000       0.0000         0      0      0    0  no coord. available yet     
EFLSBERG         4033947.2774       486990.8252      4900431.0883      -0.0143       0.0171       0.0110     57023      0  50059    1  vienna global 2023 sx+vgos 
EFLSBERG         4033947.2997       486990.8322      4900431.1034      -0.0143       0.0171       0.0110     57023  50059  99999    1  vienna global 2023 sx+vgos 
ELY             -2077236.6123     -4486712.4500      4018753.3112      -0.0134       0.0105      -0.0166     57023      0  99999    0  vienna reduced 2023  
FD-VLBA         -1324009.3507     -5332181.9506      3231962.3780      -0.0126       0.0005      -0.0050     57023      0  99999    1  vienna global 2023 sx+vgos 
FLAGSTAF        -1923993.0828     -4850854.7298      3658589.2482      -0.0178      -0.0076      -0.0021     57023      0  99999    0  vienna reduced 2023  
FORT_ORD        -2697027.4399     -4354392.5771      3788078.2732      -0.0277       0.0276       0.0247     57023      0  99999    1  vienna global 2023 sx+vgos 
RAEGFLOR               0.0000            0.0000            0.0000       0.0000       0.0000       0.0000         0      0      0    0  no coord. available yet     
FORTORDS        -2699840.9474     -4359126.3691      3781051.6411      -0.0277       0.0276       0.0247     57023      0  47659    1  vienna global 2023 sx+vgos 
FORTORDS        -2699840.9269     -4359126.3466      3781051.6781      -0.0277       0.0276       0.0247     57023  47659  99999    1  vienna global 2023 sx+vgos 
FORTLEZA         4985370.0007     -3955020.3971      -428472.0581      -0.0022      -0.0040       0.0125     57023      0  99999    1  vienna global 2023 sx+vgos 
NRAO85_1          883555.2937     -4924490.9259      3943962.0208      -0.0141      -0.0020       0.0031     57023      0  99999    1  vienna global 2023 sx+vgos 
NRAO85_3          882325.3212     -4925138.0164      3943397.7267      -0.0141      -0.0020       0.0031     57023      0  48217    1  vienna global 2023 sx+vgos 
NRAO85_3          882325.3078     -4925138.0315      3943397.7401      -0.0141      -0.0020       0.0031     57023  48217  99999    1  vienna global 2023 sx+vgos 
VLBA85_3          882325.3842     -4925138.0035      3943397.7112      -0.0144      -0.0011       0.0028     55197      0  48217    0  itrf2014 
VLBA85_3          882325.3746     -4925138.0062      3943397.7150      -0.0144      -0.0011       0.0028     55197  48217  99999    0  itrf2014 
NRAO_140          882879.6351     -4924482.3495      3944130.7451      -0.0141      -0.0020       0.0031     57023      0  99999    1  vienna global 2023 sx+vgos 
GILCREEK        -2281547.6904     -1453645.1433      5756993.0164      -0.0214      -0.0033      -0.0082     57023      0  52579    1  vienna global 2023 sx+vgos 
GILCREEK        -2281547.7234     -1453645.1902      5756993.0105      -0.0214      -0.0033      -0.0082     57023  52579  54100    1  vienna global 2023 sx+vgos 
WIDE85_3          882325.3842     -4925138.0035      3943397.7112      -0.0144      -0.0011       0.0028     55197      0  48217    0  itrf2014 
WIDE85_3          882325.3746     -4925138.0062      3943397.7150      -0.0144      -0.0011       0.0028     55197  48217  99999    0  itrf2014 
GORF7102         1130686.2410     -4831353.0194      3994110.9697      -0.0149       0.0001       0.0025     57023      0  99999    1  vienna global 2023 sx+vgos 
GGAO7108         1130794.4928     -4831233.7941      3994217.0797      -0.0149       0.0001       0.0025     57023      0  52494    1  vienna global 2023 sx+vgos 
GGAO7108         1130794.4822     -4831233.7293      3994217.0268      -0.0149       0.0001       0.0025     57023  52494  52494    1  vienna global 2023 sx+vgos 
GGAO7108         1130794.2593     -4831232.8443      3994216.2367      -0.0149       0.0001       0.0025     57023  52494  99999    1  vienna global 2023 sx+vgos 
GIFU3           -3787518.4061      3564247.1689      3679797.0645      -0.0174       0.0031      -0.0131     55197      0  99999    0  itrf2014 
GIFU11          -3787123.6227      3564181.7467      3680274.8525      -0.0183       0.0041      -0.0129     57023      0  99999    0  vienna reduced 2023  
NRAO20            883772.4949     -4924385.6294      3944042.5496      -0.0141      -0.0020       0.0031     57023      0  99999    1  vienna global 2023 sx+vgos 
GRASSE           4581697.4070       556126.1050      4389351.6683      -0.0139       0.0191       0.0110     57023      0  99999    0  vienna reduced 2023  
GGAO12M          1130729.9542     -4831245.9559      3994228.2758      -0.0149       0.0001       0.0025     57023      0  99999    1  vienna global 2023 sx+vgos 
GBT-VLBA               0.0000            0.0000            0.0000       0.0000       0.0000       0.0000         0      0      0    0  no coord. available yet     
GOLDVENU        -2351129.4157     -4655476.8238      3660956.7701      -0.0134       0.0101      -0.0059     57023      0  99999    0  vienna reduced 2023  
FTD_7900        -1324228.1662     -5332062.9688      3232022.8940      -0.0106       0.0039      -0.0062     57023      0  99999    1  vienna global 2023 sx+vgos 
HOBART12        -3949990.8571      2522421.2186     -4311707.9481      -0.0388       0.0078       0.0402     57023      0  99999    1  vienna global 2023 sx+vgos 
HATCREEK        -2523970.3636     -4123506.2258      4147752.4587      -0.0182       0.0056      -0.0054     57023      0  99999    1  vienna global 2023 sx+vgos 
HOFN             2679650.2330      -727916.1465      5722807.6427      -0.0027       0.0158       0.0196     57023      0  99999    0  vienna reduced 2023  
HOHENFRG         3778214.4908       698644.6723      5074053.5970      -0.0179       0.0007       0.0027     57023      0  99999    0  vienna reduced 2023  
HARTRAO          5085442.7640      2668263.8272     -2768696.7181      -0.0010       0.0190       0.0161     57023      0  99999    1  vienna global 2023 sx+vgos 
HALEAKAL        -5466009.2932     -2404403.8703      2242216.8393      -0.4084       0.1777      -0.4400     57023      0  99999    1  vienna global 2023 sx+vgos 
HN-VLBA          1446374.8344     -4447939.6784      4322306.1870      -0.0156      -0.0015       0.0039     57023      0  99999    1  vienna global 2023 sx+vgos 
HOBART26        -3950237.4395      2522347.6971     -4311561.8059      -0.0388       0.0078       0.0402     57023      0  99999    1  vienna global 2023 sx+vgos 
HOHNBERG         4213687.2886       820422.8682      4702784.2229      -0.0002      -0.0002       0.0000     57023      0  99999    0  vienna reduced 2023  
HRAS_085        -1324211.1704     -5332023.0293      3232118.2253      -0.0106       0.0039      -0.0062     57023      0  99999    1  vienna global 2023 sx+vgos 
HAYSTACK         1492404.4959     -4457266.5669      4296881.8608      -0.0138      -0.0022       0.0047     57023      0  99999    1  vienna global 2023 sx+vgos 
HART15M          5085490.8012      2668161.5242     -2768692.5864      -0.0010       0.0190       0.0161     57023      0  99999    1  vienna global 2023 sx+vgos 
IRBENE                 0.0000            0.0000            0.0000       0.0000       0.0000       0.0000         0      0      0    0  no coord. available yet     
ISHIOKA         -3959636.0782      3296825.4768      3747042.6183      -0.0197      -0.0005      -0.0065     57023      0  99999    1  vienna global 2023 sx+vgos 
ITAPETGA               0.0000            0.0000            0.0000       0.0000       0.0000       0.0000         0      0      0    0  no coord. available yet     
JPL_MV1         -2493307.2103     -4655197.8503      3565520.1459      -0.0474      -0.0082       0.0292     57023      0  99999    0  vienna reduced 2023  
JODRELL2               0.0000            0.0000            0.0000       0.0000       0.0000       0.0000         0      0      0    0  no coord. available yet  
JODRELL2               0.0000            0.0000            0.0000       0.0000       0.0000       0.0000         0      0      0    0  no coord. available yet  
JODRELL2               0.0000            0.0000            0.0000       0.0000       0.0000       0.0000         0      0      0    0  no coord. available yet  
JODRELL2               0.0000            0.0000            0.0000       0.0000       0.0000       0.0000         0      0      0    0  no coord. available yet  
JODRELL2               0.0000            0.0000            0.0000       0.0000       0.0000       0.0000         0      0      0    0  no coord. available yet  
JODRELL2               0.0000            0.0000            0.0000       0.0000       0.0000       0.0000         0      0      0    0  no coord. available yet 
KASHIM11        -3997505.7208      3276878.5374      3724240.5828      -0.0020       0.0071      -0.0073     57023      0  52070    1  vienna global 2023 sx+vgos 
KASHIM11        -3997505.6761      3276878.5100      3724240.5711      -0.0020       0.0071      -0.0073     57023  52070  52070    1  vienna global 2023 sx+vgos 
KASHIM11        -3997506.0220      3276877.8766      3724240.4987      -0.0017       0.0081       0.0008     57023  52070  99999    1  vienna global 2023 sx+vgos 
KOKEE12M        -5543831.7141     -2054585.9414      2387828.7904      -0.0089       0.0631       0.0318     57023      0  99999    1  vienna global 2023 sx+vgos 
KOGANEI3        -3942077.3793      3368332.1130      3701904.8318      -0.0031       0.0047      -0.0050     50559      0  99999    0  vtrf2005     
KASHIMA         -3997892.3079      3276581.4107      3724118.1083      -0.0020       0.0071      -0.0073     57023      0  99999    1  vienna global 2023 sx+vgos 
KASHIM34        -3997649.2686      3276690.8932      3724278.7289      -0.0020       0.0071      -0.0073     57023      0  54559    1  vienna global 2023 sx+vgos 
KASHIM34        -3997649.2705      3276690.8902      3724278.7247      -0.0020       0.0071      -0.0073     57023  54559  55546    1  vienna global 2023 sx+vgos 
KASHIM34        -3997649.6125      3276690.2251      3724278.6468      -0.0017       0.0081       0.0008     57023  55546  99999    1  vienna global 2023 sx+vgos 
KATH12M         -4147354.7205      4581542.3698     -1573303.1104      -0.0362      -0.0133       0.0560     57023      0  99999    1  vienna global 2023 sx+vgos 
KOGANEI         -3941937.4868      3368150.9831      3702235.2109      -0.0013       0.0038      -0.0056     57023      0  52070    1  vienna global 2023 sx+vgos 
KOGANEI         -3941937.5365      3368150.9550      3702235.3281      -0.0069       0.0034       0.0021     57023  52070  52070    1  vienna global 2023 sx+vgos 
KOGANEI         -3941937.6289      3368150.7613      3702235.3395      -0.0086       0.0036       0.0064     57023  52070  99999    1  vienna global 2023 sx+vgos 
KIRSBERG         3879830.7704       987963.2445      4948713.3346       0.0026      -0.0001       0.0033     57023      0  99999    0  vienna reduced 2023  
KOKEE           -5543837.7853     -2054566.7247      2387852.5155      -0.0089       0.0631       0.0318     57023      0  99999    1  vienna global 2023 sx+vgos 
KUNMING         -1281152.9129      5640864.4149      2682653.4421      -0.0349       0.0047      -0.0124     57023      0  99999    1  vienna global 2023 sx+vgos 
KODIAK          -3026940.7604     -1575911.8646      5370362.7951      -0.0242      -0.0026       0.0121     57023      0  99999    0  vienna reduced 2023  
KP-VLBA         -1995678.8649     -5037317.6938      3357328.0050      -0.0134       0.0007      -0.0066     57023      0  99999    1  vienna global 2023 sx+vgos 
KARLBURG         3653205.2228       884427.3594      5135731.4748       0.0405      -0.0072      -0.0280     57023      0  99999    0  vienna reduced 2023  
KITTPEAK               0.0000            0.0000            0.0000       0.0000       0.0000       0.0000         0      0      0    0  no coord. available yet     
KAUAI           -5543846.2070     -2054562.4774      2387814.6843      -0.0084       0.0645       0.0318     57023      0  99999    1  vienna global 2023 sx+vgos 
SEJONG          -3110080.0626      4082066.6540      3775076.7858      -0.0268      -0.0134      -0.0100     57023      0  99999    1  vienna global 2023 sx+vgos 
KWAJAL26        -6143535.7104      1363999.0862      1034708.1130       0.0294       0.0713       0.0252     57023      0  99999    1  vienna global 2023 sx+vgos 
KAINAN                 0.0000            0.0000            0.0000       0.0000       0.0000       0.0000         0      0      0    0  no coord. available yet     
KANOZAN         -3991747.4465      3355061.8032      3661225.3461      -0.0004       0.0061      -0.0102     50559      0  99999    0  vtrf2005     
LA-VLBA         -1449752.6107     -4975298.5714      3709123.8278      -0.0141       0.0006      -0.0052     57023      0  99999    1  vienna global 2023 sx+vgos 
LEONRDOK         -522231.5147     -5145676.8830      3720152.3709      -0.0000       0.0000       0.0000     57023      0  99999    0  vienna reduced 2023  
MV2ONSLA               0.0000            0.0000            0.0000       0.0000       0.0000       0.0000         0      0      0    0  no coord. available yet     
MATERA           4641938.4432      1393003.3625      4133325.8076      -0.0182       0.0192       0.0147     57023      0  99999    1  vienna global 2023 sx+vgos 
MEDICINA         4461369.6712       919597.1633      4449559.4181      -0.0178       0.0188       0.0117     57023      0  99999    1  vienna global 2023 sx+vgos 
MARPOINT         1106629.0872     -4882907.3514      3938087.1014      -0.0129      -0.0051       0.0052     57023      0  99999    1  vienna global 2023 sx+vgos 
MON_PEAK        -2386290.1973     -4802345.7896      3444884.2719      -0.0321       0.0295       0.0106     57023      0  99999    1  vienna global 2023 sx+vgos 
METSA13M               0.0000            0.0000            0.0000       0.0000       0.0000       0.0000         0      0      0    0  no coord. available yet     
MACGO12M        -1330788.4030     -5328106.5831      3236427.5208      -0.0126       0.0005      -0.0050     57023      0  99999    1  vienna global 2023 sx+vgos 
METSAHOV         2892584.8214      1311715.6290      5512640.1830      -0.0162       0.0146       0.0099     57023      0  99999    1  vienna global 2023 sx+vgos 
MIAMI20           961255.1631     -5674092.6060      2740533.8541      -0.0092      -0.0009       0.0032     57023      0  99999    1  vienna global 2023 sx+vgos 
MK-VLBA         -5464075.2057     -2495247.9904      2148297.4179      -0.0137       0.0626       0.0316     57023      0  53929    1  vienna global 2023 sx+vgos 
MK-VLBA         -5464075.1983     -2495247.9879      2148297.4165      -0.0129       0.0629       0.0314     57023  53929  53993    1  vienna global 2023 sx+vgos 
MK-VLBA         -5464075.2085     -2495247.9813      2148297.4257      -0.0140       0.0625       0.0326     57023  53993  58100    1  vienna global 2023 sx+vgos 
MK-VLBA         -5464075.1982     -2495247.9850      2148297.4082      -0.0140       0.0625       0.0326     57023  58100  58100    1  vienna global 2023 sx+vgos 
MK-VLBA         -5464075.2005     -2495247.9854      2148297.4075      -0.0140       0.0625       0.0326     57023  58100  99999    1  vienna global 2023 sx+vgos 
MAMMOTHL        -2448247.0679     -4426737.7787      3875435.5429      -0.0144       0.0194      -0.0117     57023      0  99999    0  vienna reduced 2023  
MIZNAO10        -3857236.0906      3108803.2628      4003883.0350       0.0008       0.0032      -0.0031     57023      0  52422    1  vienna global 2023 sx+vgos 
MOJAVE12        -2356171.3061     -4646755.7381      3668470.5188      -0.0143       0.0061      -0.0038     57023      0  48798    1  vienna global 2023 sx+vgos 
MOJAVE12        -2356171.3102     -4646755.7405      3668470.5245      -0.0143       0.0061      -0.0038     57023  48798  48798    1  vienna global 2023 sx+vgos 
MOJAVE12        -2356171.3269     -4646755.7417      3668470.5130      -0.0143       0.0061      -0.0038     57023  48798  99999    1  vienna global 2023 sx+vgos 
MOJ_7288        -2356494.3527     -4646607.5518      3668426.4710      -0.0114       0.0059      -0.0065     57023      0  99999    1  vienna global 2023 sx+vgos 
MARCUS          -5227446.6474      2551381.2264      2607605.8657       0.0028       0.0790       0.0430     57023      0  99999    0  vienna reduced 2023  
MILESMON        -1204438.9482     -4239211.1008      4596266.0539       0.0000      -0.0000      -0.0000     57023      0  99999    0  vienna reduced 2023  
MCD_7850        -1330008.4228     -5328391.5760      3236502.5745      -0.0127      -0.0001      -0.0062     57023      0  99999    0  vienna reduced 2023  
MIURA           -3976129.7268      3377927.8891      3656753.9349       0.0144      -0.0006       0.0043     57023      0  51722    0  vienna reduced 2023  
MIURA           -3976129.7678      3377927.8996      3656753.9328       0.0144      -0.0006       0.0043     57023  51722  99999    0  vienna reduced 2023  
METSHOVI         2890652.4616      1310295.5950      5513958.9210      -0.0162       0.0146       0.0099     57023      0  99999    1  vienna global 2023 sx+vgos 
MIYAZAKI        -3582768.1486      4052033.8572      3369020.1138      -0.0128      -0.0039      -0.0178     57023      0  99999    0  vienna reduced 2023  
MIZUSGSI        -3862411.8175      3105015.0314      4001944.7793       0.0051       0.0008      -0.0069     57023      0  99999    0  vienna reduced 2023  
NOBEY_6M        -3871169.4068      3428275.3568      3723698.5948      -0.0480       0.0573       0.0382     57023      0  99999    0  vienna reduced 2023  
NL-VLBA          -130872.5283     -4762317.0906      4226850.9941      -0.0152       0.0013      -0.0023     57023      0  99999    1  vienna global 2023 sx+vgos 
NOME            -2658150.9667      -693822.0327      5737236.3592      -0.0212      -0.0041      -0.0112     57023      0  99999    0  vienna reduced 2023  
NYALE13N         1200992.7188       252098.6085      6238038.6408      -0.0140       0.0074       0.0119     57023      0  99999    1  vienna global 2023 sx+vgos 
NOBEYA45               0.0000            0.0000            0.0000       0.0000       0.0000       0.0000         0      0      0    0  no coord. available yet     
NYALE13S         1201070.6726       252129.3199      6238022.4961      -0.0126       0.0056       0.0107     57023      0  99999    1  vienna global 2023 sx+vgos 
NOTO             4934562.8108      1321201.5784      3806484.7681      -0.0172       0.0177       0.0153     57023      0  99999    1  vienna global 2023 sx+vgos 
NOTOX            4934562.8871      1321201.4867      3806484.6874      -0.0179       0.0175       0.0152     55197      0  99999    0  itrf2014 
NYALES20         1202462.4991       252734.5347      6237766.2337      -0.0143       0.0076       0.0111     57023      0  99999    1  vienna global 2023 sx+vgos 
ONSALA85         3370966.0847       711466.0038      5349664.0101      -0.0136       0.0150       0.0085     51544      0  99999    0  From VEX file g0128o.vex     
OCOTILLO        -2335601.0116     -4832244.2510      3434392.5650       0.0000      -0.0000      -0.0000     57023      0  99999    0  vienna reduced 2023  
ONSA13NE         3370889.2300       711571.2717      5349692.1007      -0.0141       0.0147       0.0103     57023      0  99999    1  vienna global 2023 sx+vgos 
OHIGGINS         1525833.3466     -2432463.6842     -5676174.4708       0.0183      -0.0007       0.0016     57023      0  99999    1  vienna global 2023 sx+vgos 
ONSALA60         3370605.7725       711917.7487      5349830.9195      -0.0141       0.0147       0.0103     57023      0  99999    1  vienna global 2023 sx+vgos 
OVRO_130        -2409601.1005     -4478349.3699      3838603.1346      -0.0153       0.0077      -0.0041     57023      0  99999    1  vienna global 2023 sx+vgos 
OVR_7853        -2410421.4188     -4477800.2166      3838690.2588      -0.0093       0.0084      -0.0035     57023      0  99999    1  vienna global 2023 sx+vgos 
OV-VLBA         -2409150.4376     -4478573.1080      3838617.3269      -0.0183       0.0064      -0.0037     57023      0  99999    1  vienna global 2023 sx+vgos 
ONSA13SW         3370946.7098       711534.5792      5349660.9761      -0.0141       0.0147       0.0103     57023      0  99999    1  vienna global 2023 sx+vgos 
PARKES          -4554232.6369      2816758.9050     -3454034.9863      -0.0342      -0.0036       0.0480     57023      0  99999    1  vienna global 2023 sx+vgos 
PBLOSSOM        -2464071.4842     -4649425.2317      3593905.9738      -0.0237       0.0150       0.0097     57023      0  99999    0  vienna reduced 2023  
PENTICTN        -2058840.7762     -3621286.4579      4814420.6208      -0.0153      -0.0005      -0.0065     57023      0  99999    0  vienna reduced 2023  
PRESIDIO        -2707705.3958     -4257608.8771      3888374.3741      -0.0220       0.0272       0.0073     57023      0  47571    1  vienna global 2023 sx+vgos 
PRESIDIO        -2707705.3759     -4257608.8800      3888374.3612      -0.0220       0.0272       0.0073     57023  47571  99999    1  vienna global 2023 sx+vgos 
PLATTVIL        -1240708.4896     -4720454.4021      4094481.5276      -0.0156      -0.0016      -0.0049     57023      0  99999    1  vienna global 2023 sx+vgos 
PINFLATS        -2369636.5221     -4761324.4979      3511116.3294      -0.0241       0.0156       0.0066     57023      0  99999    1  vienna global 2023 sx+vgos 
PT_REYES        -2732333.7936     -4217634.3020      3914491.6886      -0.0280       0.0227       0.0233     57023      0  99999    1  vienna global 2023 sx+vgos 
PIETOWN         -1640953.9567     -5014816.0165      3575411.7850      -0.0139       0.0002      -0.0053     57023      0  50688    1  vienna global 2023 sx+vgos 
PIETOWN         -1640953.9572     -5014816.0138      3575411.7845      -0.0139       0.0002      -0.0053     57023  50688  50688    1  vienna global 2023 sx+vgos 
PIETOWN         -1640953.9635     -5014816.0166      3575411.7746      -0.0139       0.0002      -0.0053     57023  50688  52097    1  vienna global 2023 sx+vgos 
PIETOWN         -1640953.9646     -5014816.0199      3575411.7754      -0.0139       0.0002      -0.0053     57023  52097  99999    1  vienna global 2023 sx+vgos 
PVERDES         -2525453.5280     -4670034.9136      3522887.1671      -0.0298       0.0289       0.0148     57023      0  99999    0  vienna reduced 2023  
QUABBIN                0.0000            0.0000            0.0000       0.0000       0.0000       0.0000         0      0      0    0  no coord. available yet     
QUINCY          -2517231.3075     -4198594.9906      4076531.0729      -0.0179       0.0094      -0.0082     57023      0  99999    1  vienna global 2023 sx+vgos 
RICHMOND          961257.8905     -5674090.0640      2740533.8646      -0.0092      -0.0009       0.0032     57023      0  99999    1  vienna global 2023 sx+vgos 
MADRID64         4849093.1332      -360180.3973      4115109.8043      -0.0077       0.0194       0.0148     55197      0  99999    0  itrf2014 
SEATTLE1        -2295347.9266     -3638029.4382      4693408.6367       0.0001      -0.0001       0.0000     57023      0  99999    0  vienna reduced 2023  
SINTOTU3        -3642142.2564      2861496.6911      4370361.6598      -0.0105       0.0008      -0.0095     57023      0  52893    0  vienna reduced 2023  
SINTOTU3        -3642142.3662      2861496.6621      4370361.6271      -0.0105       0.0008      -0.0095     57023  52893  54049    0  vienna reduced 2023  
SINTOTU3        -3642142.3673      2861496.6564      4370361.6304      -0.0105       0.0008      -0.0095     57023  54049  55547    0  vienna reduced 2023  
SINTOTU3        -3642142.4141      2861496.7056      4370361.6549      -0.0240       0.0227       0.0064     57023  55547  56434    0  vienna reduced 2023  
RAEGSMAR         4618524.3361     -2166020.7828      3816270.2916      -0.0041       0.0162       0.0138     57023      0  99999    1  vienna global 2023 sx+vgos 
CTVASBAY         1091444.5379     -4351283.5421      4518707.1019      -0.0032      -0.0044       0.0096     57023      0  99999    0  vienna reduced 2023  
SC-VLBA          2607848.6573     -5488069.5232      1932739.7573       0.0077       0.0090       0.0124     57023      0  99999    1  vienna global 2023 sx+vgos 
SEST             1838237.8433     -5258699.2592     -3100588.8949      -0.0025       0.0004      -0.0021     57023      0  99999    0  vienna reduced 2023  
SHANGHAI        -2847698.7957      4659872.5384      3283958.4545      -0.0299      -0.0112      -0.0118     55197      0  99999    0  itrf2014 
SESHAN25        -2831687.4587      4675733.4546      3275327.4828      -0.0304      -0.0120      -0.0117     57023      0  53347    1  vienna global 2023 sx+vgos 
SESHAN25        -2831687.4519      4675733.4588      3275327.4742      -0.0304      -0.0120      -0.0117     57023  53347  55615    1  vienna global 2023 sx+vgos 
SESHAN25        -2831687.4585      4675733.4570      3275327.4801      -0.0304      -0.0120      -0.0117     57023  55615  99999    1  vienna global 2023 sx+vgos 
SINTOTU         -3642142.2653      2861496.5557      4370361.3329      -0.0156      -0.0008      -0.0152     57023      0  99999    0  vienna reduced 2023  
SAGARA                 0.0000            0.0000            0.0000       0.0000       0.0000       0.0000         0      0      0    0  no coord. available yet     
CRIMEA           3785230.6876      2551207.6999      4439796.5489      -0.0210       0.0159       0.0094     57023      0  99999    1  vienna global 2023 sx+vgos 
SNDPOINT        -3425461.7044     -1214668.8314      5223857.1724       0.0067       0.0121      -0.0420     57023      0  99999    0  vienna reduced 2023  
SOURDOGH        -2419994.0936     -1664228.3089      5643537.3564      -0.0247       0.0160      -0.0334     57023      0  47030    0  vienna reduced 2023  
SOURDOGH        -2419994.0873     -1664228.3564      5643537.4166      -0.0247       0.0160      -0.0334     57023  47030  99999    0  vienna reduced 2023  
SANPAULA        -2554478.0517     -4608627.7611      3582139.4489      -0.0548      -0.0152       0.0434     57023      0  99999    0  vienna reduced 2023  
CTVASTJ          2612545.3784     -3426878.7807      4686756.2386      -0.0179      -0.0010       0.0083     57023      0  99999    0  vienna reduced 2023  
SANTIA12         1769693.5523     -5044504.6857     -3468434.8109       0.0241      -0.0080       0.0087     57023      0  99999    1  vienna global 2023 sx+vgos 
SUWON                  0.0000            0.0000            0.0000       0.0000       0.0000       0.0000         0      0      0    0  no coord. available yet     
SVETLOE          2730173.6329      1562442.8203      5529969.1512      -0.0189       0.0134       0.0069     57023      0  99999    1  vienna global 2023 sx+vgos 
SVERT13V         2730074.8758      1562230.7842      5530072.7858      -0.0189       0.0134       0.0069     57023      0  99999    1  vienna global 2023 sx+vgos 
SYOWA            1766194.2217      1460410.9062     -5932273.3303       0.0049      -0.0011      -0.0001     57023      0  99999    1  vienna global 2023 sx+vgos 
TSUKU3          -3957184.5079      3310224.8683      3737709.0575      -0.0023       0.0062      -0.0060     55197      0  99999    0  itrf2014 
TIANMA65        -2826708.6592      4679237.0489      3274667.5209      -0.0329      -0.0093      -0.0099     57023      0  99999    1  vienna global 2023 sx+vgos 
TATEYAMA        -4000982.9685      3375275.7631      3632213.3281       0.0272      -0.0131       0.0067     57023      0  51722    0  vienna reduced 2023  
TATEYAMA        -4000983.0181      3375275.7616      3632213.3438       0.0272      -0.0131       0.0067     57023  51722  99999    0  vienna reduced 2023  
TIGOCONC         1492054.6069     -4887961.0274     -3803541.1561       0.0365      -0.0018       0.0168     57023      0  55254    1  vienna global 2023 sx+vgos 
TIGOCONC         1492054.6047     -4887961.0346     -3803541.1566       0.0364      -0.0031       0.0168     57023  55254  55254    1  vienna global 2023 sx+vgos 
TIGOCONC         1492051.5458     -4887961.4675     -3803541.6449       0.0241       0.0026       0.0220     57023  55254  55604    1  vienna global 2023 sx+vgos 
TIGOCONC         1492051.5465     -4887961.4688     -3803541.6464       0.0241       0.0026       0.0220     57023  55604  55604    1  vienna global 2023 sx+vgos 
TIGOCONC         1492051.5228     -4887961.4796     -3803541.6282       0.0241       0.0026       0.0220     57023  55604  99999    1  vienna global 2023 sx+vgos 
RAEGTNFE               0.0000            0.0000            0.0000       0.0000       0.0000       0.0000         0      0      0    0  no coord. available yet     
TIGOWTZL         4075572.3939       931755.4282      4801584.5305      -0.0157       0.0172       0.0101     57023      0  99999    1  vienna global 2023 sx+vgos 
TIDBIN64        -4460895.3299      2682361.5241     -3674747.4935      -0.0361       0.0004       0.0457     57023      0  99999    0  vienna reduced 2023  
TITIJIMA               0.0000            0.0000            0.0000       0.0000       0.0000       0.0000         0      0      0    0  no coord. available yet     
TSUKUBA         -3957172.9493      3310238.0535      3737708.8130      -0.0011       0.0056      -0.0073     57023      0  99999    0  vienna reduced 2023  
TRYSILNO         2988029.0609       655957.3150      5578669.5370      -0.0065       0.0127       0.0212     57023      0  99999    0  vienna reduced 2023  
TROMSONO         2102903.6710       721602.9648      5958201.4664      -0.0201       0.0208       0.0077     57023      0  99999    0  vienna reduced 2023  
TOMAKO11        -3680586.4753      2917515.8920      4300987.7336      -0.0197       0.0144       0.0035     55197      0  99999    0  itrf2014 
TOULOUSE         4627949.7860       119844.0097      4372863.2384      -0.0115       0.0193       0.0120     57023      0  99999    0  vienna reduced 2023  
TORUN                  0.0000            0.0000            0.0000       0.0000       0.0000       0.0000         0      0      0    0  no coord. available yet     
TSUKUB32        -3957408.7913      3310229.4760      3737494.7202      -0.0002       0.0042      -0.0056     57023      0  53249    1  vienna global 2023 sx+vgos 
TSUKUB32        -3957408.7933      3310229.4844      3737494.7154      -0.0002       0.0042      -0.0056     57023  53249  53663    1  vienna global 2023 sx+vgos 
TSUKUB32        -3957408.7983      3310229.4871      3737494.7203      -0.0002       0.0042      -0.0056     57023  53663  54574    1  vienna global 2023 sx+vgos 
TSUKUB32        -3957408.8018      3310229.4887      3737494.7202      -0.0002       0.0042      -0.0056     57023  54574  54574    1  vienna global 2023 sx+vgos 
TSUKUB32        -3957408.8037      3310229.4886      3737494.7168      -0.0002       0.0042      -0.0056     57023  54574  55629    1  vienna global 2023 sx+vgos 
TSUKUB32        -3957408.8136      3310229.4959      3737494.7158      -0.0026       0.0056      -0.0057     57023  55629  55629    1  vienna global 2023 sx+vgos 
TSUKUB32        -3957409.1267      3310229.0324      3737494.7138      -0.0117       0.0068      -0.0045     57023  55629  99999    1  vienna global 2023 sx+vgos 
UCHINOUR        -3586229.5211      4114103.6689      3290224.6101      -0.0294      -0.0113      -0.0149     57023      0  55270    0  vienna reduced 2023  
UCHINOUR        -3586229.5254      4114103.6592      3290224.6060      -0.0294      -0.0113      -0.0149     57023  55270  99999    0  vienna reduced 2023  
USUDA64         -3855355.4443      3427427.5635      3740971.1277      -0.0055       0.0018      -0.0046     57023      0  55591    0  vienna reduced 2023  
URUMQI            228310.1509      4631922.7582      4367064.0683      -0.0319      -0.0016       0.0044     57023      0  56708    1  vienna global 2023 sx+vgos 
URUMQI            228310.1576      4631922.9093      4367064.2079      -0.0319      -0.0016       0.0044     57023  56708  56708    1  vienna global 2023 sx+vgos 
URUMQI            228310.1567      4631922.9154      4367064.2116      -0.0319      -0.0016       0.0044     57023  56708  99999    1  vienna global 2023 sx+vgos 
USSURISK        -3059725.0279      3427256.7928      4409485.5179      -0.0001      -0.0002      -0.0001     55197      0  99999    0  itrf2014 
VLBA                   0.0000            0.0000            0.0000       0.0000       0.0000       0.0000         0      0      0    0  no coord. available yet     
VNDNBERG        -2678095.5011     -4525450.0643      3597410.7644      -0.0307       0.0287       0.0228     57023      0  99999    1  vienna global 2023 sx+vgos 
VERNAL          -1631473.5960     -4589129.0245      4106759.7344      -0.0136      -0.0043      -0.0054     57023      0  99999    0  vienna reduced 2023  
VICTORIA        -2341310.3229     -3539083.8647      4745768.2162      -0.0106      -0.0001      -0.0050     57023      0  99999    0  vienna reduced 2023  
VERAMZSW        -3857241.8112      3108784.8680      4003900.5378       0.0008       0.0032      -0.0031     57023      0  53538    1  vienna global 2023 sx+vgos 
VERAMZSW        -3857241.8348      3108784.8832      4003900.5448       0.0008       0.0032      -0.0031     57023  53538  54574    1  vienna global 2023 sx+vgos 
VERAMZSW        -3857241.7856      3108785.0234      4003900.5291      -0.0030       0.0143      -0.0018     57023  54574  55595    1  vienna global 2023 sx+vgos 
VERAMZSW        -3857243.8434      3108783.6772      4003899.5584      -0.0465       0.0041       0.0054     57023  55595  57144    1  vienna global 2023 sx+vgos 
VERAMZSW        -3857243.8560      3108783.6621      4003899.5459      -0.0365      -0.0015      -0.0001     57023  57144  58927    1  vienna global 2023 sx+vgos 
VERAMZSW        -3857243.8369      3108783.6206      4003899.5271      -0.0365      -0.0015      -0.0001     57023  58927  99999    1  vienna global 2023 sx+vgos 
VERAOGSW               0.0000            0.0000            0.0000       0.0000       0.0000       0.0000         0      0      0    0  no coord. available yet     
VERAIRIK               0.0000            0.0000            0.0000       0.0000       0.0000       0.0000         0      0      0    0  no coord. available yet     
VERAISGK        -3263995.1930      4808056.3522      2619948.7893      -0.0463       0.0015      -0.0463     57023      0  55595    0  vienna reduced 2023  
VERAISGK        -3263995.1968      4808056.3295      2619948.7840      -0.0463       0.0015      -0.0463     57023  55595  99999    0  vienna reduced 2023  
WARK30M         -5115425.6000       477880.3100     -3767042.8100      -0.0196      -0.0025       0.0341     51544      0  99999    0  Petrov et al, 2015     
WSTRBORK               0.0000            0.0000            0.0000       0.0000       0.0000       0.0000         0      0      0    0  no coord. available yet     
WESTFORD         1492206.3121     -4458130.5366      4296015.6081      -0.0154      -0.0013       0.0039     57023      0  99999    1  vienna global 2023 sx+vgos 
WETTZ13N         4075627.6364       931774.3029      4801552.3849      -0.0157       0.0172       0.0101     57023      0  99999    1  vienna global 2023 sx+vgos 
WETTZ13S         4075658.9439       931824.8099      4801516.2525      -0.0157       0.0172       0.0101     57023      0  99999    1  vienna global 2023 sx+vgos 
WHTHORSE        -2215212.7819     -2209260.1845      5540289.8420       0.0304       0.0539      -0.1013     57023      0  99999    0  vienna reduced 2023  
WARK12M         -5115324.4751       477843.2888     -3767192.7741      -0.0235      -0.0028       0.0332     57023      0  99999    1  vienna global 2023 sx+vgos 
WETTZELL         4075539.5987       931735.5711      4801629.5464      -0.0157       0.0172       0.0101     57023      0  99999    1  vienna global 2023 sx+vgos 
VLA             -1601184.8970     -5041976.6600      3554875.5600       0.0000       0.0000       0.0000     51544      0  99999    0  NGS: 83JUL26LL     
VLA-N8          -1601147.7282     -5041733.5107      3555235.7710       0.0002      -0.0000       0.0000     57023      0  99999    1  vienna global 2023 sx+vgos 
YAKATAGA        -2529744.6098     -1942090.7622      5505028.6107      -0.0163       0.0213       0.0223     57023      0  47023    1  vienna global 2023 sx+vgos 
YAKATAGA        -2529744.6458     -1942090.7019      5505028.4720      -0.0163       0.0213       0.0223     57023  47023  99999    1  vienna global 2023 sx+vgos 
YEBES            4848780.1113      -261701.7254      4123035.9569      -0.0096       0.0196       0.0122     57023      0  99999    1  vienna global 2023 sx+vgos 
YELLOWKN        -1224125.0023     -2689530.7275      5633555.3119      -0.0202      -0.0042       0.0003     57023      0  99999    1  vienna global 2023 sx+vgos 
YARRA12M        -2388896.2294      5043350.0162     -3078590.7640      -0.0463       0.0072       0.0507     57023      0  99999    1  vienna global 2023 sx+vgos 
RAEGYEB          4848831.0912      -261629.4922      4122976.5072      -0.0096       0.0196       0.0122     57023      0  99999    1  vienna global 2023 sx+vgos 
YLOW7296        -1224399.9398     -2689273.3381      5633620.2745      -0.0205      -0.0043       0.0002     57023      0  99999    1  vienna global 2023 sx+vgos 
YAMAGUCH        -3502544.2580      3950966.3970      3566381.1650       0.0000       0.0000       0.0000         0      0      0    0  http://pathdelay.net/spd/conf/spd.inp     
YEBES40M         4848761.7879      -261484.1460      4123085.0514      -0.0096       0.0196       0.0122     57023      0  55849    1  vienna global 2023 sx+vgos 
YEBES40M         4848761.7648      -261484.1463      4123085.0322      -0.0096       0.0196       0.0122     57023  55849  99999    1  vienna global 2023 sx+vgos 
YUMA            -2196778.4107     -4887337.3487      3448425.3423      -0.0204      -0.0100       0.0031     57023      0  99999    1  vienna global 2023 sx+vgos 
ZELENCHK         3451207.4925      3060375.4424      4391915.0593      -0.0212       0.0146       0.0084     57023      0  54225    1  vienna global 2023 sx+vgos 
ZELENCHK         3451207.4953      3060375.4454      4391915.0591      -0.0212       0.0146       0.0084     57023  54225  99999    1  vienna global 2023 sx+vgos 
ZELRT13V         3451257.4960      3060268.0810      4391933.0890       0.0000       0.0000       0.0000         0      0      0    0  http://pathdelay.net/spd/conf/spd.inp     
NTT20101         1200680.8539       252191.5725      6237361.4841      -0.0143       0.0074       0.0103     51544      0  99999    0  vieRF2020_OPTbco      
NTT20102         1200731.9830       252267.9563      6237348.6391      -0.0143       0.0074       0.0103     51544      0  99999    0  vieRF2020_OPTbco      
OTT20101         3370283.8167       711704.2493      5349209.0474      -0.0139       0.0143       0.0105     51544      0  99999    0  unknown source     
OTT20102         3370244.3111       711680.8870      5349239.6602      -0.0139       0.0143       0.0105     51544      0  99999    0  unknown source     
WETTZADS         4075539.8370       931735.3092      4801629.4010      -0.0153       0.0165       0.0103     51544      0  99999    0  VieTRF13     
WETTADS          4075539.8370       931735.3092      4801629.4010      -0.0153       0.0165       0.0103     51544      0  99999    0  VieTRF13     
WETZ13SH         4075658.8769       931824.8827      4801516.2891      -0.0161       0.0170       0.0100     58484      0  99999    0  globsol unconstrained adj. Wf+EOP, VGOS 2017-2019; vel from Wz ITRF2014     
WETZ13SV         4075658.8769       931824.8827      4801516.2891      -0.0161       0.0170       0.0100     58484      0  99999    0  globsol unconstrained adj. Wf+EOP, VGOS 2017-2019; vel from Wz ITRF2014     
YEBESDBC         4848762.1000      -261484.5000      4123084.9000       0.0000       0.0000       0.0000     51544      0  99999    0  NGS,14MAR31XA     
YEBEDBBC         4848761.7977      -261484.4283      4123084.7695       0.0026       0.0176       0.0216     51544      0  99999    0  VieTRF13      
ONSALAAN         3370605.8020       711917.7200      5349830.9030       0.0000       0.0000       0.0000     51544      0  99999    0  NGS,14MAY15XA     
WETTDBBC         4075539.8370       931735.3092      4801629.4010      -0.0153       0.0165       0.0103     51544      0  99999    0  VieTRF13      
GOLDECHO        -2350443.4547     -4651980.8063      3665630.6159       0.0000       0.0000       0.0000     51544      0  99999    0  NGS, 83MAY20D     
NOBEYAMA        -3871023.4900      3428106.8000      3724039.5200       0.0000       0.0000       0.0000     51544      0  99999    0  NGS, 85MAR30X     
KASL            -3997890.5900      3276580.3900      3724118.7900       0.0000       0.0000       0.0000     51544      0  99999    0  NGS, 85MAR30X     
MOJAVLBA        -2356170.8950     -4646755.9150      3668470.6250       0.0000       0.0000       0.0000     51544      0  99999    0  NGS, 91NOV18X     
YEBDBBC          4848762.1000      -261484.5000      4123084.9000       0.0000       0.0000       0.0000     51544      0  99999    0  NGS, 14JAN23XE_N004     
LEFT85_1          883555.5550     -4924490.8950      3943961.9550       0.0000       0.0000       0.0000     51544      0  99999    0  NGS, 92NOV11XO_N012     
NYALDBBC         1202462.5270       252734.5210      6237766.2050       0.0000       0.0000       0.0000     51544      0  99999    0  NHS, 16MAY23XA_N004     
GEOCENTR               0.0000            0.0000            0.0000       0.0000       0.0000       0.0000     51544      0  99999    0  ???     
ONSAVDIF         3370605.8020       711917.7200      5349830.9030       0.0000       0.0000       0.0000     51544      0  99999    0  NGS, 17FEB06XA_V004     
WETTVDIF         4075539.6320       931735.5370      4801629.5290       0.0000       0.0000       0.0000     51544      0  99999    0  NGS, 17AUG28XK_N004     
HOBADBBC        -3950237.3590      2522347.6820     -4311561.8800       0.0000       0.0000       0.0000     51544      0  99999    0  NGS, 17AUG21XA_N004           
ONSAFLEX         3370605.8020       711917.7200      5349830.9030       0.0000       0.0000       0.0000     51544      0  99999    0  NGS, 17AUG21XA_N004         
NOTDBBC          4934562.8400      1321201.5430      3806484.7330       0.0000       0.0000       0.0000     51544      0  99999    0  NGS: 17JUL04XA     
OHIGGADS         1525833.0754     -2432463.6803     -5676174.4939       0.0187      -0.0007      -0.0010     51544      0  99999    0  VieTRF13_reduced     
NOTOVDIF         4934563.0773      1321201.3112      3806484.5492      -0.0168       0.0168       0.0156     51544      0  99999    0  VieTRF13     
TIANMA13        -2826801.9120      4679253.9990      3274516.0660       0.0000       0.0000       0.0000     58849      0  99999    0  vgosDB: 20NOV17XA     
SESHAN13        -2831647.0500      4675729.4640      3275365.0790       0.0000       0.0000       0.0000     59215      0  99999    0  vgosDB: 21FEB03XA     
HARTVDIF         5085490.8014      2668161.5227     -2768692.5888      -0.0007       0.0191       0.0160     57023      0  99999    0  HARTVDIF is HART15M recorded in flexbuf (vdif format).  
MOPRA           -4682769.710       2802618.890      -3291758.510       -0.0371      -0.0010       0.0456     57023      0  99999    0  HK, K-band, vel:ITRF2020Parkes
KVNUS           -3287268.630       4023450.090       3687379.940       -0.0284      -0.0117      -0.0081     57023      0  99999    0  HK, K-band, vel:ITRF2020Sejong
KVNYS           -3042281.000       4045902.620       3867374.270       -0.0284      -0.0117      -0.0081     57023      0  99999    0  HK, K-band, vel:ITRF2020Sejong
KVNTN           -3171731.320       4292678.620       3481038.840       -0.0284      -0.0117      -0.0081     57023      0  99999    0  23JUN16KN, vel:ITRF2020Sejong
PICOVEL          5088967.9000      -301681.6000      3825015.8000       0.0000       0.0000       0.0000     57023      0  99999    0  
PICODBBC         5088967.9000      -301681.6000      3825015.8000       0.0000       0.0000       0.0000     57023      0  99999    0  
PDBURE           4523987.1000       468042.5000      4460319.0000       0.0000       0.0000       0.0000     57023      0  99999    0  	
