% This function contains amplitudes and Doodson numbers for 341 tidal
% constituents which are recommended by IERS Conventions 2010 (Ch 7.1.2) to 
% be taken into account for spline interpolation of the tidal admittances.
%
% The data TAMP and IDD are copied from
% ftp://tai.bipm.org/iers/conv2010/chapter7/hardisp/ADMINT.F
%
%
% Output
%   F       frequencies of tidal constituents
%   P       phases of tidal constituents
%   TAMP    Cartwright-Edden amplitudes of tidal constituents
%   IDD1    first digit of the Doodson number (used in libiers_hardisp/libiers_admint)
%
%   Coded for VieVS: 
%   15 Jul 2011 by Hana Spicakova
%
%%

function [F,P, TAMP, IDD1]=libiers_tdfrph_call(mjd,leap)


TAMP = ...
     [ .632208, .294107, .121046, .079915, .023818,-.023589, .022994 ... 
       .019333,-.017871, .017192, .016018, .004671,-.004662,-.004519 ...
       .004470, .004467, .002589,-.002455,-.002172, .001972, .001947 ...
       .001914,-.001898, .001802, .001304, .001170, .001130, .001061 ...
      -.001022,-.001017, .001014, .000901,-.000857, .000855, .000855 ...
       .000772, .000741, .000741,-.000721, .000698, .000658, .000654 ...
      -.000653, .000633, .000626,-.000598, .000590, .000544, .000479 ...
      -.000464, .000413,-.000390, .000373, .000366, .000366,-.000360 ...
      -.000355, .000354, .000329, .000328, .000319, .000302, .000279 ...
      -.000274,-.000272, .000248,-.000225, .000224,-.000223,-.000216 ...
       .000211, .000209, .000194, .000185,-.000174,-.000171, .000159 ...
       .000131, .000127, .000120, .000118, .000117, .000108, .000107 ...
       .000105,-.000102, .000102, .000099,-.000096, .000095,-.000089 ...
      -.000085,-.000084,-.000081,-.000077,-.000072,-.000067, .000066 ...
       .000064, .000063, .000063, .000063, .000062, .000062,-.000060 ...
       .000056, .000053, .000051, .000050, .368645,-.262232,-.121995 ...
      -.050208, .050031,-.049470, .020620, .020613, .011279,-.009530 ...
      -.009469,-.008012, .007414,-.007300, .007227,-.007131,-.006644 ...
       .005249, .004137, .004087, .003944, .003943, .003420, .003418 ...
       .002885, .002884, .002160,-.001936, .001934,-.001798, .001690 ...
       .001689, .001516, .001514,-.001511, .001383, .001372, .001371 ...
      -.001253,-.001075, .001020, .000901, .000865,-.000794, .000788 ...
       .000782,-.000747,-.000745, .000670,-.000603,-.000597, .000542 ...
       .000542,-.000541,-.000469,-.000440, .000438, .000422, .000410 ...
      -.000374,-.000365, .000345, .000335,-.000321,-.000319, .000307 ...
       .000291, .000290,-.000289, .000286, .000275, .000271, .000263 ...
      -.000245, .000225, .000225, .000221,-.000202,-.000200,-.000199 ...
       .000192, .000183, .000183, .000183,-.000170, .000169, .000168 ...
       .000162, .000149,-.000147,-.000141, .000138, .000136, .000136 ...
       .000127, .000127,-.000126,-.000121,-.000121, .000117,-.000116 ...
      -.000114,-.000114,-.000114, .000114, .000113, .000109, .000108 ...
       .000106,-.000106,-.000106, .000105, .000104,-.000103,-.000100 ...
      -.000100,-.000100, .000099,-.000098, .000093, .000093, .000090 ...
      -.000088, .000083,-.000083,-.000082,-.000081,-.000079,-.000077 ...
      -.000075,-.000075,-.000075, .000071, .000071,-.000071, .000068 ...
       .000068, .000065, .000065, .000064, .000064, .000064,-.000064 ...
      -.000060, .000056, .000056, .000053, .000053, .000053,-.000053 ...
       .000053, .000053, .000052, .000050,-.066607,-.035184,-.030988 ...
       .027929,-.027616,-.012753,-.006728,-.005837,-.005286,-.004921 ...
      -.002884,-.002583,-.002422, .002310, .002283,-.002037, .001883 ...
      -.001811,-.001687,-.001004,-.000925,-.000844, .000766, .000766 ...
      -.000700,-.000495,-.000492, .000491, .000483, .000437,-.000416 ...
      -.000384, .000374,-.000312,-.000288,-.000273, .000259, .000245 ...
      -.000232, .000229,-.000216, .000206,-.000204,-.000202, .000200 ...
       .000195,-.000190, .000187, .000180,-.000179, .000170, .000153 ...
      -.000137,-.000119,-.000119,-.000112,-.000110,-.000110, .000107 ...
      -.000095,-.000095,-.000091,-.000090,-.000081,-.000079,-.000079 ...
       .000077,-.000073, .000069,-.000067,-.000066, .000065, .000064 ...
      -.000062, .000060, .000059,-.000056, .000055,-.000051];
